-2.7 0 0.15 -0
-2.3 3.43097e-05 0.05 -6.02821e-07
-2.1 0.000137239 0.05 -2.00274e-06
-1.9 0.000626153 0.05 -7.42498e-06
-1.7 0.00218725 0.05 -2.04837e-05
-1.5 0.00608998 0.05 -4.33238e-05
-1.3 0.012789 0.05 -6.52853e-05
-1.1 0.021598 0.05 -7.20853e-05
-0.9 0.0320539 0.05 -0.000106983
-0.7 0.043865 0.05 -0.000146403
-0.5 0.0551014 0.05 0.000183906
-0.3 0.0644937 0.05 0.000215254
-0.1 0.0714071 0.05 0.000238328
0.1 0.0784921 0.05 0.000261974
0.3 0.0825664 0.05 0.000275573
0.5 0.0850881 0.05 0.000283989
0.7 0.082309 0.05 0.000274714
0.9 0.0768195 0.05 0.000256392
1.1 0.0713728 0.05 0.000238213
1.3 0.062478 0.05 -0.000208526
1.5 0.0510786 0.05 -0.000170479
1.7 0.0408886 0.05 -0.000163592
1.9 0.0293177 0.05 -0.000171886
2.1 0.0177467 0.05 -0.000141384
2.3 0.00972681 0.05 -0.000100309
2.7 0.00173264 0.15 -2.72548e-05
