-2.7 6.06082e-05 0.3 6.28478e-06
-2.3 0.000576756 0.1 3.358e-05
-2.1 0.00192969 0.1 6.14226e-05
-1.9 0.00475481 0.1 9.64166e-05
-1.7 0.00935517 0.1 0.000135242
-1.5 0.0159908 0.1 0.000176815
-1.3 0.0228024 0.1 0.000211142
-1.1 0.0312387 0.1 0.000247133
-0.9 0.0388988 0.1 0.000275774
-0.7 0.0473116 0.1 0.000304137
-0.5 0.0539218 0.1 0.000324689
-0.3 0.0612182 0.1 0.00034596
-0.1 0.0664501 0.1 0.00036044
0.1 0.0704463 0.1 0.00037112
0.3 0.0728179 0.1 0.000377315
0.5 0.0729625 0.1 0.00037769
0.7 0.0713261 0.1 0.00037343
0.9 0.0680279 0.1 0.000364694
1.1 0.063799 0.1 0.000353176
1.3 0.0576971 0.1 0.000335863
1.5 0.0501914 0.1 0.000313256
1.7 0.041763 0.1 0.000285746
1.9 0.032924 0.1 0.000253712
2.1 0.023688 0.1 0.000215204
2.3 0.0154101 0.1 0.000173575
2.7 0.00443744 0.3 5.37762e-05
