-2.7 0.000556456 0.15 6.51935e-05
-2.3 0.00310041 0.05 0.000263629
-2.1 0.00643486 0.05 0.00045567
-1.9 0.0108158 0.05 0.000625811
-1.7 0.0164591 0.05 0.00076078
-1.5 0.0225956 0.05 0.000813039
-1.3 0.029242 0.05 0.000803218
-1.1 0.0356667 0.05 0.000852509
-0.9 0.0418879 0.05 0.000936299
-0.7 0.048033 0.05 0.001013
-0.5 0.0534294 0.05 0.00107341
-0.3 0.0582142 0.05 0.00112512
-0.1 0.0621078 0.05 0.00116587
0.1 0.0649682 0.05 0.00119521
0.3 0.0667292 0.05 0.00121316
0.5 0.0664796 0.05 0.00120378
0.7 0.0657432 0.05 0.00119472
0.9 0.0634365 0.05 0.00116595
1.1 0.0592885 0.05 0.00111122
1.3 0.0544893 0.05 0.00105066
1.5 0.0478611 0.05 0.000958386
1.7 0.0410819 0.05 0.000871528
1.9 0.0328004 0.05 0.000911642
2.1 0.0250186 0.05 0.000937359
2.3 0.0176738 0.05 0.000857652
2.7 0.00588661 0.15 0.000438407
