-2.7 1.46944e-05 0.15 3.58911e-07
-2.3 9.21741e-05 0.05 1.76707e-06
-2.1 0.000512969 0.05 8.63537e-06
-1.9 0.00175131 0.05 2.57278e-05
-1.7 0.00468886 0.05 5.97384e-05
-1.5 0.0102794 0.05 0.000112907
-1.3 0.0176173 0.05 0.000165965
-1.1 0.0260492 0.05 0.000209714
-0.9 0.0357275 0.05 0.0002456
-0.7 0.0449289 0.05 0.000264686
-0.5 0.0547434 0.05 0.000279279
-0.3 0.0630351 0.05 0.000283998
-0.1 0.0691346 0.05 0.00028363
0.1 0.0750338 0.05 0.000292121
0.3 0.0773862 0.05 0.000300042
0.5 0.0778511 0.05 0.000315657
0.7 0.0770896 0.05 0.000341157
0.9 0.0736431 0.05 0.000367457
1.1 0.0684293 0.05 0.000393287
1.3 0.0602218 0.05 0.00040339
1.5 0.0506798 0.05 0.000397476
1.7 0.0421757 0.05 0.000387205
1.9 0.0310547 0.05 0.000332658
2.1 0.0217731 0.05 0.000270786
2.3 0.0131248 0.05 0.000188405
2.7 0.0029616 0.15 5.55931e-05
