-2.7 0.000361015 0.15 4.3893e-05
-2.3 0.0023333 0.05 0.000206819
-2.1 0.00512034 0.05 0.000379043
-1.9 0.00959769 0.05 0.000582435
-1.7 0.0149384 0.05 0.000726777
-1.5 0.0213417 0.05 0.000810914
-1.3 0.0282352 0.05 0.000815442
-1.1 0.0348475 0.05 0.000826762
-0.9 0.0418101 0.05 0.000920577
-0.7 0.0480728 0.05 0.00099275
-0.5 0.0535792 0.05 0.00104984
-0.3 0.059094 0.05 0.00111172
-0.1 0.0631009 0.05 0.00115288
0.1 0.0658629 0.05 0.00118122
0.3 0.067687 0.05 0.00120354
0.5 0.0682996 0.05 0.00121555
0.7 0.0668753 0.05 0.00120274
0.9 0.0640829 0.05 0.00117643
1.1 0.060155 0.05 0.00113951
1.3 0.0547657 0.05 0.00108288
1.5 0.0484255 0.05 0.00101134
1.7 0.0409247 0.05 0.000926959
1.9 0.0330774 0.05 0.00096356
2.1 0.0246562 0.05 0.000954601
2.3 0.0171479 0.05 0.000852956
2.7 0.00560777 0.15 0.000424714
