-2.7 6.06082e-05 0.15 7.15329e-06
-2.3 0.000576756 0.05 5.00334e-05
-2.1 0.00192969 0.05 0.000140433
-1.9 0.00475481 0.05 0.000284895
-1.7 0.00935517 0.05 0.000450801
-1.5 0.0159908 0.05 0.000601342
-1.3 0.0228024 0.05 0.00064327
-1.1 0.0312387 0.05 0.000630374
-0.9 0.0388988 0.05 0.000727382
-0.7 0.0473116 0.05 0.000832036
-0.5 0.0539218 0.05 0.000905453
-0.3 0.0612182 0.05 0.000995248
-0.1 0.0664501 0.05 0.00105794
0.1 0.0704463 0.05 0.00110786
0.3 0.0728179 0.05 0.00113816
0.5 0.0729625 0.05 0.00113861
0.7 0.0713261 0.05 0.00111584
0.9 0.0680279 0.05 0.00107198
1.1 0.063799 0.05 0.00101929
1.3 0.0576971 0.05 0.00094313
1.5 0.0501914 0.05 0.000849471
1.7 0.041763 0.05 0.000754125
1.9 0.032924 0.05 0.000721976
2.1 0.023688 0.05 0.000726625
2.3 0.0154101 0.05 0.000625689
2.7 0.00443744 0.15 0.000283363
