-2.7 0.000789034 0.15 -2.77163e-06
-2.3 0.00406057 0.05 -1.23391e-05
-2.1 0.00753421 0.05 -2.11092e-05
-1.9 0.0121419 0.05 -3.11417e-05
-1.7 0.0177623 0.05 -4.13478e-05
-1.5 0.0239677 0.05 -5.01133e-05
-1.3 0.0303424 0.05 -5.62518e-05
-1.1 0.0365846 0.05 -5.91547e-05
-0.9 0.0425797 0.05 -5.87583e-05
-0.7 0.048311 0.05 -5.52185e-05
-0.5 0.0534962 0.05 -4.84683e-05
-0.3 0.058004 0.05 -3.88072e-05
-0.1 0.0616752 0.05 -2.66482e-05
0.1 0.0642067 0.05 -1.25269e-05
0.3 0.0653106 0.05 0
0.5 0.0656527 0.05 1.83065e-05
0.7 0.0643393 0.05 3.31869e-05
0.9 0.0621111 0.05 4.67561e-05
1.1 0.0584507 0.05 5.78517e-05
1.3 0.0535055 0.05 6.56363e-05
1.5 0.0475051 0.05 6.95327e-05
1.7 0.0402056 0.05 6.83761e-05
1.9 0.0326345 0.05 6.32336e-05
2.1 0.0249885 0.05 5.43402e-05
2.3 0.0176749 0.05 4.26244e-05
2.7 0.00616618 0.15 1.77926e-05
