-2.7 1.46944e-05 0.15 -5.35141e-08
-2.3 9.21741e-05 0.05 -2.92546e-07
-2.1 0.000512969 0.05 -1.50806e-06
-1.9 0.00175131 0.05 -4.73883e-06
-1.7 0.00468886 0.05 -1.15904e-05
-1.5 0.0102794 0.05 -2.30046e-05
-1.3 0.0176173 0.05 -3.53042e-05
-1.1 0.0260492 0.05 -4.61063e-05
-0.9 0.0357275 0.05 -5.48771e-05
-0.7 0.0449289 0.05 -5.84979e-05
-0.5 0.0547434 0.05 -5.84676e-05
-0.3 0.0630351 0.05 -5.25746e-05
-0.1 0.0691346 0.05 -4.14859e-05
0.1 0.0750338 0.05 -2.74695e-05
0.3 0.0773862 0.05 -1.0224e-05
0.5 0.0778511 0.05 7.93007e-06
0.7 0.0770896 0.05 2.58898e-05
0.9 0.0736431 0.05 4.19633e-05
1.1 0.0684293 0.05 5.50034e-05
1.3 0.0602218 0.05 6.2497e-05
1.5 0.0506798 0.05 6.44525e-05
1.7 0.0421757 0.05 6.35052e-05
1.9 0.0310547 0.05 5.40262e-05
2.1 0.0217731 0.05 4.29733e-05
2.3 0.0131248 0.05 2.89752e-05
2.7 0.0029616 0.15 7.92415e-06
