-2.7 0.00233637 0.15 7.79439e-05
-2.3 0.00802399 0.05 0.000220412
-2.1 0.0121732 0.05 0.000302279
-1.9 0.0175995 0.05 0.000394218
-1.7 0.0231957 0.05 0.000467925
-1.5 0.0291192 0.05 0.000528572
-1.3 0.0342847 0.05 0.000560099
-1.1 0.0403605 0.05 0.000594385
-0.9 0.0449173 0.05 0.00059842
-0.7 0.0495814 0.05 0.000601125
-0.5 0.0538515 0.05 0.000599421
-0.3 0.0569981 0.05 0.00058956
-0.1 0.0598186 0.05 0.000583922
0.1 0.0613579 0.05 0.000575855
0.3 0.0618089 0.05 0.000569532
0.5 0.0612044 0.05 0.000566091
0.7 0.0600998 0.05 0.000570319
0.9 0.0574926 0.05 0.000571215
1.1 0.0546735 0.05 0.000578823
1.3 0.0498762 0.05 0.000570783
1.5 0.0444811 0.05 0.000556307
1.7 0.0378674 0.05 0.000521616
1.9 0.0312278 0.05 0.00047618
2.1 0.02386 0.05 0.000403902
2.3 0.017446 0.05 0.00032821
2.7 0.00634429 0.15 0.000147184
