-2.7 0.000789034 0.15 -2.14509e-05
-2.3 0.00406057 0.05 -7.66887e-05
-2.1 0.00753421 0.05 -0.000114586
-1.9 0.0121419 0.05 -0.000143837
-1.7 0.0177623 0.05 -0.000156291
-1.5 0.0239677 0.05 -0.000145408
-1.3 0.0303424 0.05 -0.00013497
-1.1 0.0365846 0.05 -0.000162736
-0.9 0.0425797 0.05 0.000189404
-0.7 0.048311 0.05 0.000214898
-0.5 0.0534962 0.05 0.000237963
-0.3 0.058004 0.05 0.000258015
-0.1 0.0616752 0.05 0.000274345
0.1 0.0642067 0.05 0.000285606
0.3 0.0653106 0.05 0.000290516
0.5 0.0656527 0.05 0.000292038
0.7 0.0643393 0.05 0.000286195
0.9 0.0621111 0.05 0.000276284
1.1 0.0584507 0.05 0.000260002
1.3 0.0535055 0.05 -0.000238004
1.5 0.0475051 0.05 -0.000211313
1.7 0.0402056 0.05 -0.000209129
1.9 0.0326345 0.05 -0.000255382
2.1 0.0249885 0.05 -0.000268994
2.3 0.0176749 0.05 -0.000247783
2.7 0.00616618 0.15 -0.000132403
