-2.7 0.000789034 0.15 9.2106e-05
-2.3 0.00406057 0.05 0.000338992
-2.1 0.00753421 0.05 0.000518162
-1.9 0.0121419 0.05 0.00067237
-1.7 0.0177623 0.05 0.000769804
-1.5 0.0239677 0.05 0.000785234
-1.3 0.0303424 0.05 0.000727777
-1.1 0.0365846 0.05 0.000822769
-0.9 0.0425797 0.05 0.000926996
-0.7 0.048311 0.05 0.00102316
-0.5 0.0534962 0.05 0.00110745
-0.3 0.058004 0.05 0.00117916
-0.1 0.0616752 0.05 0.00123664
0.1 0.0642067 0.05 0.00127507
0.3 0.0653106 0.05 0.00128967
0.5 0.0656527 0.05 0.00129405
0.7 0.0643393 0.05 0.0012706
0.9 0.0621111 0.05 0.00123364
1.1 0.0584507 0.05 0.0011722
1.3 0.0535055 0.05 0.0010879
1.5 0.0475051 0.05 0.000983555
1.7 0.0402056 0.05 0.000858393
1.9 0.0326345 0.05 0.000926292
2.1 0.0249885 0.05 0.000967186
2.3 0.0176749 0.05 0.000891985
2.7 0.00616618 0.15 0.000480748
