-2.7 0.0014733 0.15 -3.66441e-05
-2.3 0.00599169 0.05 -0.000101137
-2.1 0.00999709 0.05 -0.00013347
-1.9 0.0149928 0.05 -0.000151939
-1.7 0.0204049 0.05 -0.000147507
-1.5 0.0267117 0.05 -0.000130509
-1.3 0.0324033 0.05 -0.000158318
-1.1 0.03823 0.05 -0.000186786
-0.9 0.043341 0.05 0.000211758
-0.7 0.048469 0.05 0.000236812
-0.5 0.0532509 0.05 0.000260176
-0.3 0.0571597 0.05 0.000279274
-0.1 0.0601889 0.05 0.000294074
0.1 0.0622098 0.05 0.000303948
0.3 0.0636747 0.05 0.000311105
0.5 0.0637638 0.05 0.00031154
0.7 0.062011 0.05 0.000302976
0.9 0.0602433 0.05 0.00029434
1.1 0.0563841 0.05 0.000275484
1.3 0.0519014 0.05 -0.000253582
1.5 0.0464752 0.05 -0.000227071
1.7 0.0395016 0.05 -0.000219112
1.9 0.0324211 0.05 -0.000267605
2.1 0.0245388 0.05 -0.000276626
2.3 0.0178419 0.05 -0.000260558
2.7 0.00641871 0.15 -0.000142499
