-2.7 0.00233637 0.15 0.000212435
-2.3 0.00802399 0.05 0.000502133
-2.1 0.0121732 0.05 0.000608931
-1.9 0.0175995 0.05 0.000678341
-1.7 0.0231957 0.05 0.000652766
-1.5 0.0291192 0.05 0.000547959
-1.3 0.0342847 0.05 0.000582134
-1.1 0.0403605 0.05 0.000685297
-0.9 0.0449173 0.05 -0.000762669
-0.7 0.0495814 0.05 -0.000841862
-0.5 0.0538515 0.05 -0.000914366
-0.3 0.0569981 0.05 -0.000967794
-0.1 0.0598186 0.05 -0.00101568
0.1 0.0613579 0.05 -0.00104182
0.3 0.0618089 0.05 -0.00104948
0.5 0.0612044 0.05 -0.00103921
0.7 0.0600998 0.05 -0.00102046
0.9 0.0574926 0.05 -0.00097619
1.1 0.0546735 0.05 -0.000928323
1.3 0.0498762 0.05 0.000846868
1.5 0.0444811 0.05 0.000755262
1.7 0.0378674 0.05 0.000642966
1.9 0.0312278 0.05 0.000786497
2.1 0.02386 0.05 0.000841277
2.3 0.017446 0.05 0.000809662
2.7 0.00634429 0.15 0.000456432
