-2.7 2.2933e-05 0.15 3.36962e-06
-2.3 0.000278817 0.05 3.0149e-05
-2.1 0.00112975 0.05 0.00010258
-1.9 0.00319372 0.05 0.000239063
-1.7 0.00720941 0.05 0.000434822
-1.5 0.0126844 0.05 0.000598719
-1.3 0.0203102 0.05 0.000722395
-1.1 0.0289608 0.05 0.000739218
-0.9 0.037481 0.05 0.000905476
-0.7 0.0461605 0.05 0.00106712
-0.5 0.0544418 0.05 0.00121709
-0.3 0.0623645 0.05 0.00136094
-0.1 0.0677707 0.05 0.00145506
0.1 0.0723042 0.05 0.00153718
0.3 0.0738431 0.05 0.00156274
0.5 0.075201 0.05 0.00159162
0.7 0.0740966 0.05 0.00157575
0.9 0.0702945 0.05 0.00151006
1.1 0.06621 0.05 0.00144609
1.3 0.0592468 0.05 0.00132614
1.5 0.0512517 0.05 0.00118681
1.7 0.0417972 0.05 0.00102162
1.9 0.0324623 0.05 0.000942451
2.1 0.0228377 0.05 0.000908582
2.3 0.0146578 0.05 0.000762982
2.7 0.00378877 0.15 0.000306477
