-2.7 0.00233637 0.15 0.000235942
-2.3 0.00802399 0.05 0.000570656
-2.1 0.0121732 0.05 0.000706323
-1.9 0.0175995 0.05 0.000813255
-1.7 0.0231957 0.05 0.000829565
-1.5 0.0291192 0.05 0.000782156
-1.3 0.0342847 0.05 0.000833784
-1.1 0.0403605 0.05 0.000937888
-0.9 0.0449173 0.05 0.00100375
-0.7 0.0495814 0.05 0.00107243
-0.5 0.0538515 0.05 0.00113462
-0.3 0.0569981 0.05 0.00117696
-0.1 0.0598186 0.05 0.00121752
0.1 0.0613579 0.05 0.0012376
0.3 0.0618089 0.05 0.00124179
0.5 0.0612044 0.05 0.00123091
0.7 0.0600998 0.05 0.00121598
0.9 0.0574926 0.05 0.00117629
1.1 0.0546735 0.05 0.00113738
1.3 0.0498762 0.05 0.00106114
1.5 0.0444811 0.05 0.000973808
1.7 0.0378674 0.05 0.000858739
1.9 0.0312278 0.05 0.000960355
2.1 0.02386 0.05 0.000977019
2.3 0.017446 0.05 0.000915708
2.7 0.00634429 0.15 0.000503123
