-2.7 0 0.15 -0
-2.3 1.86535e-05 0.05 -2.55359e-07
-2.1 0 0.05 -0
-1.9 3.73069e-05 0.05 -3.52475e-07
-1.7 0.000354416 0.05 -2.69069e-06
-1.5 0.00214515 0.05 -1.26827e-05
-1.3 0.00619295 0.05 -2.73051e-05
-1.1 0.0128895 0.05 -3.97298e-05
-0.9 0.0227945 0.05 -7.02604e-05
-0.7 0.0366914 0.05 -0.000113095
-0.5 0.0520245 0.05 -0.000160357
-0.3 0.0645597 0.05 0.000198995
-0.1 0.077785 0.05 0.00023976
0.1 0.0895553 0.05 0.00027604
0.3 0.0963638 0.05 0.000297026
0.5 0.0965504 0.05 0.000297601
0.7 0.0930808 0.05 0.000286907
0.9 0.0875967 0.05 0.000270003
1.1 0.07633 0.05 -0.000235275
1.3 0.0632353 0.05 -0.000194913
1.5 0.0501592 0.05 -0.000154608
1.7 0.0344156 0.05 -0.000106081
1.9 0.021153 0.05 -9.21526e-05
2.1 0.0111734 0.05 -6.53989e-05
2.3 0.00434626 0.05 -3.27106e-05
2.7 0.000547168 0.15 -6.23865e-06
