-2.7 0.000175165 0.15 2.13407e-05
-2.3 0.00137734 0.05 0.000123689
-2.1 0.00342577 0.05 0.000258969
-1.9 0.00716282 0.05 0.000448553
-1.7 0.0122404 0.05 0.000623406
-1.5 0.0186551 0.05 0.000757206
-1.3 0.0256774 0.05 0.000814606
-1.1 0.0327983 0.05 0.000812085
-0.9 0.0409937 0.05 0.000949756
-0.7 0.0485465 0.05 0.00106046
-0.5 0.0540257 0.05 0.00112226
-0.3 0.0597894 0.05 0.00119202
-0.1 0.0636353 0.05 0.00122939
0.1 0.0674794 0.05 0.00127558
0.3 0.0697421 0.05 0.0013025
0.5 0.0699329 0.05 0.00130279
0.7 0.0687061 0.05 0.00128901
0.9 0.0665138 0.05 0.00126884
1.1 0.0623466 0.05 0.00122108
1.3 0.056198 0.05 0.00114097
1.5 0.0493699 0.05 0.00104888
1.7 0.0416665 0.05 0.00094617
1.9 0.0334176 0.05 0.000940494
2.1 0.0244624 0.05 0.00089924
2.3 0.0165782 0.05 0.000776948
2.7 0.0050837 0.15 0.000361178
