-2.7 0.0014733 0.15 0.000178833
-2.3 0.00599169 0.05 0.000524898
-2.1 0.00999709 0.05 0.000726949
-1.9 0.0149928 0.05 0.000887747
-1.7 0.0204049 0.05 0.000962306
-1.5 0.0267117 0.05 0.00098082
-1.3 0.0324033 0.05 0.000939906
-1.1 0.03823 0.05 0.0010334
-0.9 0.043341 0.05 0.00110093
-0.7 0.048469 0.05 0.00116778
-0.5 0.0532509 0.05 0.00122893
-0.3 0.0571597 0.05 0.00127603
-0.1 0.0601889 0.05 0.00131215
0.1 0.0622098 0.05 0.00133637
0.3 0.0636747 0.05 0.00135938
0.5 0.0637638 0.05 0.00136416
0.7 0.062011 0.05 0.00134065
0.9 0.0602433 0.05 0.00132771
1.1 0.0563841 0.05 0.00127852
1.3 0.0519014 0.05 0.00122262
1.5 0.0464752 0.05 0.00114862
1.7 0.0395016 0.05 0.00103934
1.9 0.0324211 0.05 0.00105777
2.1 0.0245388 0.05 0.00105322
2.3 0.0178419 0.05 0.000977417
2.7 0.00641871 0.15 0.000531117
