-2.7 6.06082e-05 0.15 -2.20723e-07
-2.3 0.000576756 0.05 -1.83053e-06
-2.1 0.00192969 0.05 -5.67302e-06
-1.9 0.00475481 0.05 -1.28659e-05
-1.7 0.00935517 0.05 -2.3125e-05
-1.5 0.0159908 0.05 -3.57863e-05
-1.3 0.0228024 0.05 -4.56949e-05
-1.1 0.0312387 0.05 -5.52916e-05
-0.9 0.0388988 0.05 -5.97482e-05
-0.7 0.0473116 0.05 -6.16002e-05
-0.5 0.0539218 0.05 -5.75901e-05
-0.3 0.0612182 0.05 -5.10592e-05
-0.1 0.0664501 0.05 -3.9875e-05
0.1 0.0704463 0.05 -2.579e-05
0.3 0.0728179 0.05 -9.62048e-06
0.5 0.0729625 0.05 7.43211e-06
0.7 0.0713261 0.05 2.39542e-05
0.9 0.0680279 0.05 3.87637e-05
1.1 0.063799 0.05 5.12816e-05
1.3 0.0576971 0.05 5.98769e-05
1.5 0.0501914 0.05 6.38314e-05
1.7 0.041763 0.05 6.28838e-05
1.9 0.032924 0.05 5.72782e-05
2.1 0.023688 0.05 4.67528e-05
2.3 0.0154101 0.05 3.40204e-05
2.7 0.00443744 0.15 1.18729e-05
