-2.7 0 0.15 -0
-2.3 0 0.05 -0
-2.1 0 0.05 -0
-1.9 0 0.05 -0
-1.7 0 0.05 -0
-1.5 0 0.05 -0
-1.3 0.000342779 0.05 -6.86912e-07
-1.1 0.00205667 0.05 -3.64024e-06
-0.9 0.00856947 0.05 -1.31626e-05
-0.7 0.0215951 0.05 -2.8117e-05
-0.5 0.0407907 0.05 -4.35657e-05
-0.3 0.0603291 0.05 -5.03177e-05
-0.1 0.0891225 0.05 -5.34801e-05
0.1 0.106261 0.05 -3.89016e-05
0.3 0.12957 0.05 -1.71184e-05
0.5 0.132655 0.05 1.35125e-05
0.7 0.113803 0.05 3.82197e-05
0.9 0.100434 0.05 5.72293e-05
1.1 0.0812386 0.05 6.52995e-05
1.3 0.0531307 0.05 5.5138e-05
1.5 0.0366773 0.05 4.66447e-05
1.7 0.015425 0.05 2.32259e-05
1.9 0.0065128 0.05 1.13304e-05
2.1 0.00137112 0.05 2.70617e-06
2.3 0 0.05 0
2.7 0.00011426 0.15 3.05717e-07
