-2.7 0.00277713 0.15 8.10811e-05
-2.3 0.00906684 0.05 0.000231381
-2.1 0.0134097 0.05 0.000320288
-1.9 0.0187859 0.05 0.000420536
-1.7 0.0246859 0.05 0.000518954
-1.5 0.0300093 0.05 0.000594022
-1.3 0.0353945 0.05 0.000661969
-1.1 0.040972 0.05 0.000727101
-0.9 0.0460511 0.05 0.000779447
-0.7 0.0504348 0.05 0.000819101
-0.5 0.0535363 0.05 0.000840065
-0.3 0.057247 0.05 0.000874614
-0.1 0.0598419 0.05 0.000897628
0.1 0.0606487 0.05 0.000901106
0.3 0.0613967 0.05 0.000911821
0.5 0.0605402 0.05 0.000906922
0.7 0.0593991 0.05 0.000905563
0.9 0.0570501 0.05 0.0008926
1.1 0.0529747 0.05 0.000857242
1.3 0.0485561 0.05 0.000818365
1.5 0.043428 0.05 0.000767008
1.7 0.0373549 0.05 0.000694984
1.9 0.0300866 0.05 0.000592222
2.1 0.0233063 0.05 0.000487067
2.3 0.0169406 0.05 0.00037691
2.7 0.00610548 0.15 0.000154814
