-2.7 0.00233637 0.15 -1.08387e-05
-2.3 0.00802399 0.05 -3.2122e-05
-2.1 0.0121732 0.05 -4.48621e-05
-1.9 0.0175995 0.05 -5.92644e-05
-1.7 0.0231957 0.05 -7.07346e-05
-1.5 0.0291192 0.05 -7.95403e-05
-1.3 0.0342847 0.05 -8.27499e-05
-1.1 0.0403605 0.05 -8.45827e-05
-0.9 0.0449173 0.05 -7.98517e-05
-0.7 0.0495814 0.05 -7.23799e-05
-0.5 0.0538515 0.05 -6.14925e-05
-0.3 0.0569981 0.05 -4.69644e-05
-0.1 0.0598186 0.05 -3.02704e-05
0.1 0.0613579 0.05 -1.15419e-05
0.3 0.0618089 0.05 8.02409e-06
0.5 0.0612044 0.05 2.74042e-05
0.7 0.0600998 0.05 4.60171e-05
0.9 0.0574926 0.05 6.22996e-05
1.1 0.0546735 0.05 7.66271e-05
1.3 0.0498762 0.05 8.57601e-05
1.5 0.0444811 0.05 9.06253e-05
1.7 0.0378674 0.05 8.91898e-05
1.9 0.0312278 0.05 8.34797e-05
2.1 0.02386 0.05 7.13696e-05
2.3 0.017446 0.05 5.77307e-05
2.7 0.00634429 0.15 2.5028e-05
