-2.7 0.00110339 0.15 2.33968e-05
-2.3 0.00509044 0.05 9.3605e-05
-2.1 0.00847865 0.05 0.000145327
-1.9 0.0135349 0.05 0.000216549
-1.7 0.0195391 0.05 0.000292401
-1.5 0.0249011 0.05 0.000349542
-1.3 0.0313978 0.05 0.000414963
-1.1 0.0372866 0.05 0.000466165
-0.9 0.0432809 0.05 0.000514818
-0.7 0.048547 0.05 0.000553154
-0.5 0.0536943 0.05 0.000590653
-0.3 0.0575134 0.05 0.000616153
-0.1 0.0602886 0.05 0.000635008
0.1 0.0630151 0.05 0.000659088
0.3 0.0646572 0.05 0.000678409
0.5 0.0647239 0.05 0.000688164
0.7 0.0633062 0.05 0.000688708
0.9 0.0606723 0.05 0.000681496
1.1 0.0572695 0.05 0.000669629
1.3 0.0524636 0.05 0.000643178
1.5 0.0472236 0.05 0.000610752
1.7 0.0401139 0.05 0.000550106
1.9 0.0326481 0.05 0.000476688
2.1 0.025075 0.05 0.00039104
2.3 0.0178938 0.05 0.000298746
2.7 0.00628163 0.15 0.000120715
