-2.7 0 0.15 0
-2.3 2.34348e-05 0.05 3.74194e-06
-2.1 0 0.05 0
-1.9 4.68695e-05 0.05 5.2139e-06
-1.7 0.00044526 0.05 4.00776e-05
-1.5 0.00262469 0.05 0.000185752
-1.3 0.00731164 0.05 0.000391473
-1.1 0.0146702 0.05 0.000562547
-0.9 0.0246065 0.05 0.000929981
-0.7 0.0383861 0.05 0.0014353
-0.5 0.0534078 0.05 0.00198177
-0.3 0.0643753 0.05 0.00237628
-0.1 0.0760458 0.05 0.00279754
0.1 0.0865445 0.05 0.00317723
0.3 0.0927079 0.05 0.00339993
0.5 0.0922626 0.05 0.00338276
0.7 0.0911143 0.05 0.00334233
0.9 0.0855369 0.05 0.00314197
1.1 0.075952 0.05 0.0027967
1.3 0.0636254 0.05 0.00235201
1.5 0.0516736 0.05 0.00192152
1.7 0.0365113 0.05 0.00137018
1.9 0.0233176 0.05 0.0010499
2.1 0.012936 0.05 0.000792283
2.3 0.00520252 0.05 0.000413448
2.7 0.000671796 0.15 8.18846e-05
