-2.7 0 0.15 -0
-2.3 3.43097e-05 0.05 -1.08893e-07
-2.1 0.000137239 0.05 -4.03463e-07
-1.9 0.000626153 0.05 -1.69429e-06
-1.7 0.00218725 0.05 -5.40666e-06
-1.5 0.00608998 0.05 -1.36289e-05
-1.3 0.012789 0.05 -2.56285e-05
-1.1 0.021598 0.05 -3.82278e-05
-0.9 0.0320539 0.05 -4.92345e-05
-0.7 0.043865 0.05 -5.71127e-05
-0.5 0.0551014 0.05 -5.88499e-05
-0.3 0.0644937 0.05 -5.37912e-05
-0.1 0.0714071 0.05 -4.28495e-05
0.1 0.0784921 0.05 -2.87356e-05
0.3 0.0825664 0.05 -1.09084e-05
0.5 0.0850881 0.05 8.66724e-06
0.7 0.082309 0.05 2.76427e-05
0.9 0.0768195 0.05 4.37733e-05
1.1 0.0713728 0.05 5.73694e-05
1.3 0.062478 0.05 6.48384e-05
1.5 0.0510786 0.05 6.49597e-05
1.7 0.0408886 0.05 6.15672e-05
1.9 0.0293177 0.05 5.10043e-05
2.1 0.0177467 0.05 3.50265e-05
2.3 0.00972681 0.05 2.14736e-05
2.7 0.00173264 0.15 4.6359e-06
