-2.7 0 0.15 0
-2.3 0 0.05 0
-2.1 0 0.05 0
-1.9 0 0.05 0
-1.7 0 0.05 0
-1.5 0.000374049 0.05 4.37353e-05
-1.3 0.00236898 0.05 0.000217007
-1.1 0.0073563 0.05 0.000507672
-0.9 0.0183284 0.05 0.00125169
-0.7 0.0331657 0.05 0.00224853
-0.5 0.0487511 0.05 0.00328924
-0.3 0.0670795 0.05 0.00451217
-0.1 0.0829143 0.05 0.00556744
0.1 0.0994971 0.05 0.00667472
0.3 0.103736 0.05 0.0069567
0.5 0.10623 0.05 0.00712488
0.7 0.096006 0.05 0.00644334
0.9 0.0938864 0.05 0.00630971
1.1 0.0765554 0.05 0.0051575
1.3 0.0648352 0.05 0.00438538
1.5 0.0470055 0.05 0.00319903
1.7 0.0301733 0.05 0.00207248
1.9 0.014962 0.05 0.00104162
2.1 0.00536137 0.05 0.000404645
2.3 0.00137151 0.05 0.000135438
2.7 4.1561e-05 0.15 6.3805e-06
