-2.7 0.00233637 0.3 3.25281e-05
-2.3 0.00802399 0.1 0.00010441
-2.1 0.0121732 0.1 0.000128603
-1.9 0.0175995 0.1 0.000154632
-1.7 0.0231957 0.1 0.000177522
-1.5 0.0291192 0.1 0.000198902
-1.3 0.0342847 0.1 0.000215824
-1.1 0.0403605 0.1 0.000234167
-0.9 0.0449173 0.1 0.000247033
-0.7 0.0495814 0.1 0.000259542
-0.5 0.0538515 0.1 0.000270488
-0.3 0.0569981 0.1 0.000278278
-0.1 0.0598186 0.1 0.00028508
0.1 0.0613579 0.1 0.000288725
0.3 0.0618089 0.1 0.000289784
0.5 0.0612044 0.1 0.000288363
0.7 0.0600998 0.1 0.000285749
0.9 0.0574926 0.1 0.000279483
1.1 0.0546735 0.1 0.000272544
1.3 0.0498762 0.1 0.000260313
1.5 0.0444811 0.1 0.000245831
1.7 0.0378674 0.1 0.00022682
1.9 0.0312278 0.1 0.000205977
2.1 0.02386 0.1 0.000180046
2.3 0.017446 0.1 0.000153956
2.7 0.00634429 0.3 5.36018e-05
