-2.7 0.000361015 0.15 -7.71821e-06
-2.3 0.0023333 0.05 -3.46129e-05
-2.1 0.00512034 0.05 -6.11435e-05
-1.9 0.00959769 0.05 -8.92707e-05
-1.7 0.0149384 0.05 -0.000103287
-1.5 0.0213417 0.05 -0.000102015
-1.3 0.0282352 0.05 -8.99554e-05
-1.1 0.0348475 0.05 -0.000111022
-0.9 0.0418101 0.05 0.000133204
-0.7 0.0480728 0.05 0.000153157
-0.5 0.0535792 0.05 0.0001707
-0.3 0.059094 0.05 0.000188269
-0.1 0.0631009 0.05 0.000201035
0.1 0.0658629 0.05 0.000209835
0.3 0.067687 0.05 0.000215646
0.5 0.0682996 0.05 0.000217598
0.7 0.0668753 0.05 0.00021306
0.9 0.0640829 0.05 0.000204164
1.1 0.060155 0.05 -0.00019165
1.3 0.0547657 0.05 -0.00017448
1.5 0.0484255 0.05 -0.00015428
1.7 0.0409247 0.05 -0.000206177
1.9 0.0330774 0.05 -0.000238299
2.1 0.0246562 0.05 -0.000237281
2.3 0.0171479 0.05 -0.000210849
2.7 0.00560777 0.15 -0.000103179
