-2.7 0.00184287 0.15 0.00020431
-2.3 0.00673005 0.05 0.000530008
-2.1 0.0109466 0.05 0.000706816
-1.9 0.016007 0.05 0.00082711
-1.7 0.0216797 0.05 0.000869688
-1.5 0.0276225 0.05 0.000828978
-1.3 0.0333261 0.05 0.000792928
-1.1 0.0393435 0.05 0.000892824
-0.9 0.0442804 0.05 0.000965995
-0.7 0.0498142 0.05 0.00105287
-0.5 0.0536603 0.05 0.00110699
-0.3 0.057226 0.05 0.00116017
-0.1 0.0605138 0.05 0.00121321
0.1 0.061777 0.05 0.00123188
0.3 0.0631122 0.05 0.00125866
0.5 0.0628781 0.05 0.00126112
0.7 0.0613859 0.05 0.00124539
0.9 0.0585149 0.05 0.00120844
1.1 0.0552039 0.05 0.00116853
1.3 0.0501872 0.05 0.00109703
1.5 0.0455744 0.05 0.00103682
1.7 0.0386515 0.05 0.000922448
1.9 0.0319163 0.05 0.000960538
2.1 0.0244144 0.05 0.000981527
2.3 0.0171621 0.05 0.000888358
2.7 0.00622924 0.15 0.000491189
