-2.7 0.000100749 0.15 -2.65595e-06
-2.3 0.00100509 0.05 -1.85846e-05
-2.1 0.00270104 0.05 -4.05224e-05
-1.9 0.0061433 0.05 -7.25702e-05
-1.7 0.0111064 0.05 -9.90903e-05
-1.5 0.0168347 0.05 -0.000106553
-1.3 0.0245252 0.05 -9.8967e-05
-1.1 0.0326427 0.05 -0.000119646
-0.9 0.0401797 0.05 -0.000147272
-0.7 0.0471626 0.05 0.000172866
-0.5 0.0548411 0.05 0.000201011
-0.3 0.0601856 0.05 0.0002206
-0.1 0.0648753 0.05 0.000237789
0.1 0.0684231 0.05 0.000250793
0.3 0.0713112 0.05 0.000261379
0.5 0.0706419 0.05 0.000258926
0.7 0.0695481 0.05 0.000254917
0.9 0.067689 0.05 0.000248103
1.1 0.063388 0.05 0.000232338
1.3 0.0568945 0.05 -0.000208537
1.5 0.0492543 0.05 -0.000180533
1.7 0.0415614 0.05 -0.000226232
1.9 0.0331657 0.05 -0.000262841
2.1 0.0245756 0.05 -0.000263092
2.3 0.0164869 0.05 -0.000227257
2.7 0.0047568 0.15 -9.91179e-05
