-2.7 0.000100749 0.15 1.36046e-05
-2.3 0.00100509 0.05 9.97208e-05
-2.1 0.00270104 0.05 0.000225103
-1.9 0.0061433 0.05 0.000422953
-1.7 0.0111064 0.05 0.000619518
-1.5 0.0168347 0.05 0.000744137
-1.3 0.0245252 0.05 0.000839482
-1.1 0.0326427 0.05 0.000888801
-0.9 0.0401797 0.05 0.000985583
-0.7 0.0471626 0.05 0.00105469
-0.5 0.0548411 0.05 0.00113489
-0.3 0.0601856 0.05 0.00117205
-0.1 0.0648753 0.05 0.00120958
0.1 0.0684231 0.05 0.00124189
0.3 0.0713112 0.05 0.00127988
0.5 0.0706419 0.05 0.00127277
0.7 0.0695481 0.05 0.00127732
0.9 0.067689 0.05 0.0012879
1.1 0.063388 0.05 0.00127099
1.3 0.0568945 0.05 0.00122306
1.5 0.0492543 0.05 0.00115349
1.7 0.0415614 0.05 0.00110401
1.9 0.0331657 0.05 0.00117617
2.1 0.0245756 0.05 0.00113209
2.3 0.0164869 0.05 0.000959499
2.7 0.0047568 0.15 0.000412568
