-2.7 6.06082e-05 0.15 -1.40993e-06
-2.3 0.000576756 0.05 -9.50846e-06
-2.1 0.00192969 0.05 -2.60062e-05
-1.9 0.00475481 0.05 -5.09739e-05
-1.7 0.00935517 0.05 -7.68699e-05
-1.5 0.0159908 0.05 -9.54018e-05
-1.3 0.0228024 0.05 -9.04813e-05
-1.1 0.0312387 0.05 -9.1808e-05
-0.9 0.0388988 0.05 -0.00011432
-0.7 0.0473116 0.05 0.000139045
-0.5 0.0539218 0.05 0.000158472
-0.3 0.0612182 0.05 0.000179915
-0.1 0.0664501 0.05 0.000195292
0.1 0.0704463 0.05 0.000207036
0.3 0.0728179 0.05 0.000214006
0.5 0.0729625 0.05 0.000214431
0.7 0.0713261 0.05 0.000209622
0.9 0.0680279 0.05 0.000199929
1.1 0.063799 0.05 0.0001875
1.3 0.0576971 0.05 -0.000169567
1.5 0.0501914 0.05 -0.000147509
1.7 0.041763 0.05 -0.000181101
1.9 0.032924 0.05 -0.00021017
2.1 0.023688 0.05 -0.000205692
2.3 0.0154101 0.05 -0.000173149
2.7 0.00443744 0.15 -7.58802e-05
