-2.7 0.00233637 0.15 -6.59352e-05
-2.3 0.00802399 0.05 -0.000154586
-2.1 0.0121732 0.05 -0.000186306
-1.9 0.0175995 0.05 -0.00020571
-1.7 0.0231957 0.05 -0.000195238
-1.5 0.0291192 0.05 -0.000160606
-1.3 0.0342847 0.05 -0.000189097
-1.1 0.0403605 0.05 -0.000222608
-0.9 0.0449173 0.05 0.00024774
-0.7 0.0495814 0.05 0.000273465
-0.5 0.0538515 0.05 0.000297017
-0.3 0.0569981 0.05 0.000314372
-0.1 0.0598186 0.05 0.000329928
0.1 0.0613579 0.05 0.000338418
0.3 0.0618089 0.05 0.000340906
0.5 0.0612044 0.05 0.000337572
0.7 0.0600998 0.05 0.000331479
0.9 0.0574926 0.05 0.000317099
1.1 0.0546735 0.05 0.000301551
1.3 0.0498762 0.05 -0.000275091
1.5 0.0444811 0.05 -0.000245335
1.7 0.0378674 0.05 -0.000209739
1.9 0.0312278 0.05 -0.000264551
2.1 0.02386 0.05 -0.000280336
2.3 0.017446 0.05 -0.000268169
2.7 0.00634429 0.15 -0.000150042
