-2.7 0.00300342 0.15 -8.97632e-05
-2.3 0.00950558 0.05 -0.000189683
-2.1 0.0144235 0.05 -0.000224665
-1.9 0.0193257 0.05 -0.000223971
-1.7 0.0256352 0.05 -0.000204926
-1.5 0.0310956 0.05 -0.000209673
-1.3 0.0368174 0.05 -0.000248254
-1.1 0.0420479 0.05 0.000283522
-0.9 0.0465373 0.05 0.000313794
-0.7 0.0512488 0.05 0.000345562
-0.5 0.0541284 0.05 0.000364979
-0.3 0.0576821 0.05 0.000388941
-0.1 0.0602295 0.05 0.000406118
0.1 0.0609489 0.05 0.000410969
0.3 0.0608369 0.05 0.000410213
0.5 0.059972 0.05 0.000404382
0.7 0.0592035 0.05 0.0003992
0.9 0.055575 0.05 0.000374733
1.1 0.0528429 0.05 0.000356311
1.3 0.047239 0.05 -0.000318525
1.5 0.0422503 0.05 -0.000284887
1.7 0.0358012 0.05 -0.000242966
1.9 0.0291163 0.05 -0.000298148
2.1 0.0223016 0.05 -0.000314114
2.3 0.0165247 0.05 -0.000302756
2.7 0.00570741 0.15 -0.000159632
