-2.7 0.00110339 0.3 2.44534e-05
-2.3 0.00509044 0.1 9.09733e-05
-2.1 0.00847865 0.1 0.000117409
-1.9 0.0135349 0.1 0.000148342
-1.7 0.0195391 0.1 0.000178233
-1.5 0.0249011 0.1 0.000201208
-1.3 0.0313978 0.1 0.000225936
-1.1 0.0372866 0.1 0.000246214
-0.9 0.0432809 0.1 0.000265268
-0.7 0.048547 0.1 0.000280942
-0.5 0.0536943 0.1 0.000295461
-0.3 0.0575134 0.1 0.000305788
-0.1 0.0602886 0.1 0.000313079
0.1 0.0630151 0.1 0.00032008
0.3 0.0646572 0.1 0.000324224
0.5 0.0647239 0.1 0.000324391
0.7 0.0633062 0.1 0.000320818
0.9 0.0606723 0.1 0.000314074
1.1 0.0572695 0.1 0.000305139
1.3 0.0524636 0.1 0.000292055
1.5 0.0472236 0.1 0.000277087
1.7 0.0401139 0.1 0.000255378
1.9 0.0326481 0.1 0.000230391
2.1 0.025075 0.1 0.00020191
2.3 0.0178938 0.1 0.000170564
2.7 0.00628163 0.3 5.83461e-05
