-2.7 0 0.15 0
-2.3 0 0.05 0
-2.1 0 0.05 0
-1.9 0 0.05 0
-1.7 0 0.05 0
-1.5 0.000374049 0.05 4.27029e-05
-1.3 0.00236898 0.05 0.000211295
-1.1 0.0073563 0.05 0.000491996
-0.9 0.0183284 0.05 0.00122582
-0.7 0.0331657 0.05 0.00221815
-0.5 0.0487511 0.05 0.00326052
-0.3 0.0670795 0.05 0.00448634
-0.1 0.0829143 0.05 -0.00554538
0.1 0.0994971 0.05 -0.00665446
0.3 0.103736 0.05 -0.00693796
0.5 0.10623 0.05 -0.00710476
0.7 0.096006 0.05 -0.00642097
0.9 0.0938864 0.05 -0.00627921
1.1 0.0765554 0.05 -0.00512009
1.3 0.0648352 0.05 0.00433624
1.5 0.0470055 0.05 0.00314377
1.7 0.0301733 0.05 0.00201802
1.9 0.014962 0.05 0.00100067
2.1 0.00536137 0.05 0.000384487
2.3 0.00137151 0.05 0.000129786
2.7 4.1561e-05 0.15 6.1694e-06
