-2.7 0.0014733 0.3 2.14607e-05
-2.3 0.00599169 0.1 7.49606e-05
-2.1 0.00999709 0.1 9.68267e-05
-1.9 0.0149928 0.1 0.000118577
-1.7 0.0204049 0.1 0.000138333
-1.5 0.0267117 0.1 0.000158274
-1.3 0.0324033 0.1 0.000174322
-1.1 0.03823 0.1 0.000189348
-0.9 0.043341 0.1 0.000201608
-0.7 0.048469 0.1 0.000213201
-0.5 0.0532509 0.1 0.000223471
-0.3 0.0571597 0.1 0.000231528
-0.1 0.0601889 0.1 0.000237583
0.1 0.0622098 0.1 0.000241539
0.3 0.0636747 0.1 0.000244367
0.5 0.0637638 0.1 0.000244537
0.7 0.062011 0.1 0.000241153
0.9 0.0602433 0.1 0.000237691
1.1 0.0563841 0.1 0.000229952
1.3 0.0519014 0.1 0.000220621
1.5 0.0464752 0.1 0.00020877
1.7 0.0395016 0.1 0.000192471
1.9 0.0324211 0.1 0.00017437
2.1 0.0245388 0.1 0.0001517
2.3 0.0178419 0.1 0.000129354
2.7 0.00641871 0.3 4.47942e-05
