-2.7 1.46944e-05 0.15 1.7653e-06
-2.3 9.21741e-05 0.05 8.04869e-06
-2.1 0.000512969 0.05 3.7274e-05
-1.9 0.00175131 0.05 0.000103629
-1.7 0.00468886 0.05 0.000219661
-1.5 0.0102794 0.05 0.00036686
-1.3 0.0176173 0.05 0.000452701
-1.1 0.0260492 0.05 0.000439455
-0.9 0.0357275 0.05 0.00060273
-0.7 0.0449289 0.05 0.00075796
-0.5 0.0547434 0.05 -0.000923532
-0.3 0.0630351 0.05 -0.00106341
-0.1 0.0691346 0.05 -0.00116631
0.1 0.0750338 0.05 -0.00126584
0.3 0.0773862 0.05 -0.00130552
0.5 0.0778511 0.05 -0.00131336
0.7 0.0770896 0.05 -0.00130052
0.9 0.0736431 0.05 -0.00124237
1.1 0.0684293 0.05 -0.00115442
1.3 0.0602218 0.05 0.00101595
1.5 0.0506798 0.05 0.000854978
1.7 0.0421757 0.05 0.000711512
1.9 0.0310547 0.05 0.00075839
2.1 0.0217731 0.05 0.000745818
2.3 0.0131248 0.05 0.000593939
2.7 0.0029616 0.15 0.000209534
