-2.7 0.00277713 0.15 -8.0697e-05
-2.3 0.00906684 0.05 -0.000177541
-2.1 0.0134097 0.05 -0.000206751
-1.9 0.0187859 0.05 -0.000218628
-1.7 0.0246859 0.05 -0.000203437
-1.5 0.0300093 0.05 -0.000156872
-1.3 0.0353945 0.05 -0.000181808
-1.1 0.040972 0.05 -0.000210458
-0.9 0.0460511 0.05 0.000236547
-0.7 0.0504348 0.05 0.000259065
-0.5 0.0535363 0.05 0.000274996
-0.3 0.057247 0.05 0.000294057
-0.1 0.0598419 0.05 0.000307386
0.1 0.0606487 0.05 0.00031153
0.3 0.0613967 0.05 0.000315372
0.5 0.0605402 0.05 0.000310973
0.7 0.0593991 0.05 0.000305111
0.9 0.0570501 0.05 0.000293045
1.1 0.0529747 0.05 -0.000272111
1.3 0.0485561 0.05 -0.000249415
1.5 0.043428 0.05 -0.000261159
1.7 0.0373549 0.05 -0.000341126
1.9 0.0300866 0.05 -0.000380105
2.1 0.0233063 0.05 -0.000384987
2.3 0.0169406 0.05 -0.000352139
2.7 0.00610548 0.15 -0.000186051
