-2.7 0 0.15 0
-2.3 1.86535e-05 0.05 3.16268e-06
-2.1 0 0.05 0
-1.9 3.73069e-05 0.05 4.42954e-06
-1.7 0.000354416 0.05 3.41731e-05
-1.5 0.00214515 0.05 0.000163414
-1.3 0.00619295 0.05 0.00035927
-1.1 0.0128895 0.05 0.000540591
-0.9 0.0227945 0.05 0.000944402
-0.7 0.0366914 0.05 0.00150685
-0.5 0.0520245 0.05 0.00212361
-0.3 0.0645597 0.05 0.00262475
-0.1 0.077785 0.05 0.00315455
0.1 0.0895553 0.05 0.00362667
0.3 0.0963638 0.05 0.00389967
0.5 0.0965504 0.05 0.00390669
0.7 0.0930808 0.05 0.00376775
0.9 0.0875967 0.05 0.00354934
1.1 0.07633 0.05 0.00309862
1.3 0.0632353 0.05 0.00257505
1.5 0.0501592 0.05 0.00205251
1.7 0.0344156 0.05 0.00141847
1.9 0.021153 0.05 0.000974348
2.1 0.0111734 0.05 0.000701226
2.3 0.00434626 0.05 0.000354361
2.7 0.000547168 0.15 6.85496e-05
