-2.7 0.000789034 0.15 8.6602e-05
-2.3 0.00406057 0.05 0.00031499
-2.1 0.00753421 0.05 0.000476515
-1.9 0.0121419 0.05 0.000608284
-1.7 0.0177623 0.05 0.000677213
-1.5 0.0239677 0.05 0.00065509
-1.3 0.0303424 0.05 0.000537522
-1.1 0.0365846 0.05 0.000616011
-0.9 0.0425797 0.05 0.000716957
-0.7 0.048311 0.05 -0.000813461
-0.5 0.0534962 0.05 -0.000900769
-0.3 0.058004 0.05 -0.000976671
-0.1 0.0616752 0.05 -0.00103849
0.1 0.0642067 0.05 -0.00108111
0.3 0.0653106 0.05 -0.0010997
0.5 0.0656527 0.05 -0.00110546
0.7 0.0643393 0.05 -0.00108335
0.9 0.0621111 0.05 -0.00104583
1.1 0.0584507 0.05 -0.000984193
1.3 0.0535055 0.05 0.000900926
1.5 0.0475051 0.05 0.000799891
1.7 0.0402056 0.05 0.000676982
1.9 0.0326345 0.05 0.000781769
2.1 0.0249885 0.05 0.000858412
2.3 0.0176749 0.05 0.000811746
2.7 0.00616618 0.15 0.000447707
