-2.7 0.00184287 0.15 6.36822e-05
-2.3 0.00673005 0.05 0.000187647
-2.1 0.0109466 0.05 0.000272752
-1.9 0.016007 0.05 0.000355343
-1.7 0.0216797 0.05 0.000427734
-1.5 0.0276225 0.05 0.000483615
-1.3 0.0333261 0.05 0.000517698
-1.1 0.0393435 0.05 0.000543271
-0.9 0.0442804 0.05 0.000545991
-0.7 0.0498142 0.05 0.000552948
-0.5 0.0536603 0.05 0.00054293
-0.3 0.057226 0.05 0.000536978
-0.1 0.0605138 0.05 0.000538387
0.1 0.061777 0.05 0.000534881
0.3 0.0631122 0.05 0.000547022
0.5 0.0628781 0.05 0.000561158
0.7 0.0613859 0.05 0.000578838
0.9 0.0585149 0.05 0.000595816
1.1 0.0552039 0.05 0.000617345
1.3 0.0501872 0.05 0.000623907
1.5 0.0455744 0.05 0.00063476
1.7 0.0386515 0.05 0.000605758
1.9 0.0319163 0.05 0.000563785
2.1 0.0244144 0.05 0.000485959
2.3 0.0171621 0.05 0.000384302
2.7 0.00622924 0.15 0.000175116
