-2.7 0.000100749 0.15 -3.66908e-07
-2.3 0.00100509 0.05 -3.18999e-06
-2.1 0.00270104 0.05 -7.94068e-06
-1.9 0.0061433 0.05 -1.6623e-05
-1.7 0.0111064 0.05 -2.74539e-05
-1.5 0.0168347 0.05 -3.76749e-05
-1.3 0.0245252 0.05 -4.91473e-05
-1.1 0.0326427 0.05 -5.77766e-05
-0.9 0.0401797 0.05 -6.17156e-05
-0.7 0.0471626 0.05 -6.14062e-05
-0.5 0.0548411 0.05 -5.85719e-05
-0.3 0.0601856 0.05 -5.0198e-05
-0.1 0.0648753 0.05 -3.893e-05
0.1 0.0684231 0.05 -2.50494e-05
0.3 0.0713112 0.05 -9.42142e-06
0.5 0.0706419 0.05 7.19573e-06
0.7 0.0695481 0.05 2.33571e-05
0.9 0.067689 0.05 3.85705e-05
1.1 0.063388 0.05 5.09512e-05
1.3 0.0568945 0.05 5.9044e-05
1.5 0.0492543 0.05 6.26396e-05
1.7 0.0415614 0.05 6.25802e-05
1.9 0.0331657 0.05 5.76987e-05
2.1 0.0245756 0.05 4.85046e-05
2.3 0.0164869 0.05 3.63976e-05
2.7 0.0047568 0.15 1.27274e-05
