-2.7 0.000556456 0.15 -2.38731e-06
-2.3 0.00310041 0.05 -1.15198e-05
-2.1 0.00643486 0.05 -2.20604e-05
-1.9 0.0108158 0.05 -3.3972e-05
-1.7 0.0164591 0.05 -4.69683e-05
-1.5 0.0225956 0.05 -5.79878e-05
-1.3 0.029242 0.05 -6.66431e-05
-1.1 0.0356667 0.05 -7.10377e-05
-0.9 0.0418879 0.05 -7.13933e-05
-0.7 0.048033 0.05 -6.80666e-05
-0.5 0.0534294 0.05 -6.03629e-05
-0.3 0.0582142 0.05 -4.9043e-05
-0.1 0.0621078 0.05 -3.44789e-05
0.1 0.0649682 0.05 -1.74007e-05
0.3 0.0667292 0.05 0
0.5 0.0664796 0.05 2.03953e-05
0.7 0.0657432 0.05 3.90582e-05
0.9 0.0634365 0.05 5.59138e-05
1.1 0.0592885 0.05 6.92922e-05
1.3 0.0544893 0.05 7.93386e-05
1.5 0.0478611 0.05 8.34386e-05
1.7 0.0410819 0.05 8.34234e-05
1.9 0.0328004 0.05 7.60303e-05
2.1 0.0250186 0.05 6.51807e-05
2.3 0.0176738 0.05 5.11232e-05
2.7 0.00588661 0.15 2.04102e-05
