-2.7 0.00184287 0.15 -3.98333e-05
-2.3 0.00673005 0.05 -0.000100155
-2.1 0.0109466 0.05 -0.000130217
-1.9 0.016007 0.05 -0.000146677
-1.7 0.0216797 0.05 -0.000144918
-1.5 0.0276225 0.05 -0.000123178
-1.3 0.0333261 0.05 -0.000140342
-1.1 0.0393435 0.05 -0.000165683
-0.9 0.0442804 0.05 0.000186473
-0.7 0.0498142 0.05 0.000209777
-0.5 0.0536603 0.05 0.000225973
-0.3 0.057226 0.05 0.000240989
-0.1 0.0605138 0.05 0.000254835
0.1 0.061777 0.05 0.000260154
0.3 0.0631122 0.05 0.000265777
0.5 0.0628781 0.05 0.000264791
0.7 0.0613859 0.05 0.000258507
0.9 0.0585149 0.05 0.000246417
1.1 0.0552039 0.05 0.000232474
1.3 0.0501872 0.05 0.000211347
1.5 0.0455744 0.05 -0.000191922
1.7 0.0386515 0.05 -0.000162768
1.9 0.0319163 0.05 -0.000173541
2.1 0.0244144 0.05 -0.000189886
2.3 0.0171621 0.05 -0.000177997
2.7 0.00622924 0.15 -0.000101662
