-2.7 0.0014733 0.15 0.000158702
-2.3 0.00599169 0.05 0.00045408
-2.1 0.00999709 0.05 0.000615572
-1.9 0.0149928 0.05 0.000727698
-1.7 0.0204049 0.05 0.000748235
-1.5 0.0267117 0.05 0.000693799
-1.3 0.0324033 0.05 0.000569475
-1.1 0.03823 0.05 0.000671877
-0.9 0.043341 0.05 0.000761701
-0.7 0.048469 0.05 -0.000851823
-0.5 0.0532509 0.05 -0.000935863
-0.3 0.0571597 0.05 -0.00100456
-0.1 0.0601889 0.05 -0.0010578
0.1 0.0622098 0.05 -0.00109331
0.3 0.0636747 0.05 -0.00111906
0.5 0.0637638 0.05 -0.00112062
0.7 0.062011 0.05 -0.00108982
0.9 0.0602433 0.05 -0.00105875
1.1 0.0563841 0.05 -0.000990928
1.3 0.0519014 0.05 -0.000912146
1.5 0.0464752 0.05 0.000816783
1.7 0.0395016 0.05 0.000694225
1.9 0.0324211 0.05 0.000757736
2.1 0.0245388 0.05 0.000828462
2.3 0.0178419 0.05 0.000808636
2.7 0.00641871 0.15 0.000461881
