-2.7 0 0.15 0
-2.3 0 0.05 0
-2.1 0 0.05 0
-1.9 0 0.05 0
-1.7 0 0.05 0
-1.5 0 0.05 0
-1.3 0.000342779 0.05 2.28265e-05
-1.1 0.00205667 0.05 0.000105672
-0.9 0.00856947 0.05 0.000327408
-0.7 0.0215951 0.05 0.00058459
-0.5 0.0407907 0.05 0.000733131
-0.3 0.0603291 0.05 0.000658408
-0.1 0.0891225 0.05 0.000525159
0.1 0.106261 0.05 0.000900545
0.3 0.12957 0.05 0.0012977
0.5 0.132655 0.05 0.00134504
0.7 0.113803 0.05 0.00100678
0.9 0.100434 0.05 0.00114099
1.1 0.0812386 0.05 0.00150851
1.3 0.0531307 0.05 0.00147786
1.5 0.0366773 0.05 0.00143409
1.7 0.015425 0.05 0.000808629
1.9 0.0065128 0.05 0.000441467
2.1 0.00137112 0.05 0.000116797
2.3 0 0.05 0
2.7 0.00011426 0.15 1.70947e-05
