-2.7 2.2933e-05 0.15 -8.35174e-08
-2.3 0.000278817 0.05 -8.84921e-07
-2.1 0.00112975 0.05 -3.32131e-06
-1.9 0.00319372 0.05 -8.64182e-06
-1.7 0.00720941 0.05 -1.78209e-05
-1.5 0.0126844 0.05 -2.83868e-05
-1.3 0.0203102 0.05 -4.07006e-05
-1.1 0.0289608 0.05 -5.12597e-05
-0.9 0.037481 0.05 -5.75704e-05
-0.7 0.0461605 0.05 -6.01014e-05
-0.5 0.0544418 0.05 -5.81455e-05
-0.3 0.0623645 0.05 -5.20153e-05
-0.1 0.0677707 0.05 -4.06674e-05
0.1 0.0723042 0.05 -2.64702e-05
0.3 0.0738431 0.05 -9.75593e-06
0.5 0.075201 0.05 7.66012e-06
0.7 0.0740966 0.05 2.48847e-05
0.9 0.0702945 0.05 4.00552e-05
1.1 0.06621 0.05 5.32195e-05
1.3 0.0592468 0.05 6.14851e-05
1.5 0.0512517 0.05 6.51799e-05
1.7 0.0417972 0.05 6.29353e-05
1.9 0.0324623 0.05 5.6475e-05
2.1 0.0228377 0.05 4.50745e-05
2.3 0.0146578 0.05 3.23596e-05
2.7 0.00378877 0.15 1.01373e-05
