-2.7 1.46944e-05 0.15 1.84323e-06
-2.3 9.21741e-05 0.05 8.42705e-06
-2.1 0.000512969 0.05 3.9114e-05
-1.9 0.00175131 0.05 0.000109107
-1.7 0.00468886 0.05 0.000232481
-1.5 0.0102794 0.05 0.000391718
-1.3 0.0176173 0.05 0.00049157
-1.1 0.0260492 0.05 0.000495753
-0.9 0.0357275 0.05 0.000662514
-0.7 0.0449289 0.05 0.000816977
-0.5 0.0547434 0.05 0.000981442
-0.3 0.0630351 0.05 0.00111919
-0.1 0.0691346 0.05 0.00122006
0.1 0.0750338 0.05 0.00132012
0.3 0.0773862 0.05 0.00136098
0.5 0.0778511 0.05 0.00137225
0.7 0.0770896 0.05 0.00136591
0.9 0.0736431 0.05 0.00131628
1.1 0.0684293 0.05 0.00123917
1.3 0.0602218 0.05 0.00111075
1.5 0.0506798 0.05 0.00095807
1.7 0.0421757 0.05 0.000835629
1.9 0.0310547 0.05 0.000856245
2.1 0.0217731 0.05 0.000819589
2.3 0.0131248 0.05 0.000643128
2.7 0.0029616 0.15 0.0002235
