-2.7 1.46944e-05 0.15 -3.86695e-07
-2.3 9.21741e-05 0.05 -1.73946e-06
-2.1 0.000512969 0.05 -7.98164e-06
-1.9 0.00175131 0.05 -2.19292e-05
-1.7 0.00468886 0.05 -4.57499e-05
-1.5 0.0102794 0.05 -7.46931e-05
-1.3 0.0176173 0.05 -8.8951e-05
-1.1 0.0260492 0.05 -8.0895e-05
-0.9 0.0357275 0.05 -0.000110951
-0.7 0.0449289 0.05 -0.000139525
-0.5 0.0547434 0.05 0.000170004
-0.3 0.0630351 0.05 0.000195754
-0.1 0.0691346 0.05 0.000214695
0.1 0.0750338 0.05 0.000233015
0.3 0.0773862 0.05 0.000240321
0.5 0.0778511 0.05 0.000241764
0.7 0.0770896 0.05 0.000239399
0.9 0.0736431 0.05 0.000228696
1.1 0.0684293 0.05 0.000212505
1.3 0.0602218 0.05 -0.000187017
1.5 0.0506798 0.05 -0.000157385
1.7 0.0421757 0.05 -0.000195101
1.9 0.0310547 0.05 -0.00021076
2.1 0.0217731 0.05 -0.000200773
2.3 0.0131248 0.05 -0.000156568
2.7 0.0029616 0.15 -5.3801e-05
