-2.7 0.00300342 0.15 -1.72968e-05
-2.3 0.00950558 0.05 -4.71031e-05
-2.1 0.0144235 0.05 -6.56767e-05
-1.9 0.0193257 0.05 -8.02324e-05
-1.7 0.0256352 0.05 -9.61251e-05
-1.5 0.0310956 0.05 -0.000104104
-1.3 0.0368174 0.05 -0.000108464
-1.1 0.0420479 0.05 -0.000106976
-0.9 0.0465373 0.05 -9.96959e-05
-0.7 0.0512488 0.05 -8.91944e-05
-0.5 0.0541284 0.05 -7.24541e-05
-0.3 0.0576821 0.05 -5.40304e-05
-0.1 0.0602295 0.05 -3.22126e-05
0.1 0.0609489 0.05 -8.10431e-06
0.3 0.0608369 0.05 1.63586e-05
0.5 0.059972 0.05 4.02265e-05
0.7 0.0592035 0.05 6.35029e-05
0.9 0.055575 0.05 8.19442e-05
1.1 0.0528429 0.05 9.91512e-05
1.3 0.047239 0.05 0.00010762
1.5 0.0422503 0.05 0.000113234
1.7 0.0358012 0.05 0.000110337
1.9 0.0291163 0.05 0.000101435
2.1 0.0223016 0.05 8.66562e-05
2.3 0.0165247 0.05 7.08498e-05
2.7 0.00570741 0.15 2.90578e-05
