-2.7 0 0.15 -0
-2.3 1.86535e-05 0.05 -5.92032e-08
-2.1 0 0.05 -0
-1.9 3.73069e-05 0.05 -1.00948e-07
-1.7 0.000354416 0.05 -8.76081e-07
-1.5 0.00214515 0.05 -4.8007e-06
-1.3 0.00619295 0.05 -1.24104e-05
-1.1 0.0128895 0.05 -2.2814e-05
-0.9 0.0227945 0.05 -3.50121e-05
-0.7 0.0366914 0.05 -4.77726e-05
-0.5 0.0520245 0.05 -5.55637e-05
-0.3 0.0645597 0.05 -5.38462e-05
-0.1 0.077785 0.05 -4.66768e-05
0.1 0.0895553 0.05 -3.27857e-05
0.3 0.0963638 0.05 -1.27313e-05
0.5 0.0965504 0.05 9.83482e-06
0.7 0.0930808 0.05 3.12603e-05
0.9 0.0875967 0.05 4.99144e-05
1.1 0.07633 0.05 6.1354e-05
1.3 0.0632353 0.05 6.56243e-05
1.5 0.0501592 0.05 6.37905e-05
1.7 0.0344156 0.05 5.18206e-05
1.9 0.021153 0.05 3.68001e-05
2.1 0.0111734 0.05 2.20528e-05
2.3 0.00434626 0.05 9.59511e-06
2.7 0.000547168 0.15 1.46402e-06
