-2.7 0 0.15 -0
-2.3 0 0.05 -0
-2.1 0 0.05 -0
-1.9 0 0.05 -0
-1.7 0 0.05 -0
-1.5 0.000374049 0.05 -1.85226e-06
-1.3 0.00236898 0.05 -8.80439e-06
-1.1 0.0073563 0.05 -1.93388e-05
-0.9 0.0183284 0.05 -4.8183e-05
-0.7 0.0331657 0.05 -8.71883e-05
-0.5 0.0487511 0.05 -0.00012816
-0.3 0.0670795 0.05 0.000176343
-0.1 0.0829143 0.05 0.000217971
0.1 0.0994971 0.05 0.000261565
0.3 0.103736 0.05 0.000272708
0.5 0.10623 0.05 0.000279265
0.7 0.096006 0.05 0.000252387
0.9 0.0938864 0.05 0.000246815
1.1 0.0765554 0.05 -0.000201254
1.3 0.0648352 0.05 -0.000170443
1.5 0.0470055 0.05 -0.000123571
1.7 0.0301733 0.05 -8.78716e-05
1.9 0.014962 0.05 -6.0452e-05
2.1 0.00536137 0.05 -2.85023e-05
2.3 0.00137151 0.05 -9.24372e-06
2.7 4.1561e-05 0.15 -4.16861e-07
