-2.7 0.000175165 0.15 1.91697e-05
-2.3 0.00137734 0.05 0.000108958
-2.1 0.00342577 0.05 0.000224551
-1.9 0.00716282 0.05 0.000380047
-1.7 0.0122404 0.05 0.000509684
-1.5 0.0186551 0.05 0.000583739
-1.3 0.0256774 0.05 0.000565242
-1.1 0.0327983 0.05 0.0004528
-0.9 0.0409937 0.05 0.000565943
-0.7 0.0485465 0.05 0.000670214
-0.5 0.0540257 0.05 -0.000745857
-0.3 0.0597894 0.05 -0.000825429
-0.1 0.0636353 0.05 -0.000878523
0.1 0.0674794 0.05 -0.000931594
0.3 0.0697421 0.05 -0.000962832
0.5 0.0699329 0.05 -0.000965466
0.7 0.0687061 0.05 -0.000948529
0.9 0.0665138 0.05 -0.000918263
1.1 0.0623466 0.05 -0.000860732
1.3 0.056198 0.05 -0.000775847
1.5 0.0493699 0.05 0.000681581
1.7 0.0416665 0.05 0.000575231
1.9 0.0334176 0.05 0.00063977
2.1 0.0244624 0.05 0.000686515
2.3 0.0165782 0.05 0.000630867
2.7 0.0050837 0.15 0.000311351
