-2.7 0.00277713 0.15 -2.04053e-05
-2.3 0.00906684 0.05 -5.74556e-05
-2.1 0.0134097 0.05 -7.81989e-05
-1.9 0.0187859 0.05 -0.000100057
-1.7 0.0246859 0.05 -0.000119006
-1.5 0.0300093 0.05 -0.000129503
-1.3 0.0353945 0.05 -0.000134855
-1.1 0.040972 0.05 -0.0001354
-0.9 0.0460511 0.05 -0.000128912
-0.7 0.0504348 0.05 -0.000115695
-0.5 0.0535363 0.05 -9.57545e-05
-0.3 0.057247 0.05 -7.34605e-05
-0.1 0.0598419 0.05 -4.65481e-05
0.1 0.0606487 0.05 -1.65259e-05
0.3 0.0613967 0.05 1.42982e-05
0.5 0.0605402 0.05 4.46938e-05
0.7 0.0593991 0.05 7.38699e-05
0.9 0.0570501 0.05 9.97795e-05
1.1 0.0529747 0.05 0.000119424
1.3 0.0485561 0.05 0.000134001
1.5 0.043428 0.05 0.000141796
1.7 0.0373549 0.05 0.000140845
1.9 0.0300866 0.05 0.000128645
2.1 0.0233063 0.05 0.000111432
2.3 0.0169406 0.05 8.95573e-05
2.7 0.00610548 0.15 3.8448e-05
