-2.7 0 0.15 0
-2.3 3.43097e-05 0.05 7.93817e-07
-2.1 0.000137239 0.05 2.80241e-06
-1.9 0.000626153 0.05 1.12106e-05
-1.7 0.00218725 0.05 3.40964e-05
-1.5 0.00608998 0.05 8.20582e-05
-1.3 0.012789 0.05 0.000147851
-1.1 0.021598 0.05 0.0002127
-0.9 0.0320539 0.05 0.000267211
-0.7 0.043865 0.05 0.000308166
-0.5 0.0551014 0.05 0.000325936
-0.3 0.0644937 0.05 0.00032285
-0.1 0.0714071 0.05 0.000306871
0.1 0.0784921 0.05 0.000297477
0.3 0.0825664 0.05 0.000287592
0.5 0.0850881 0.05 0.000287365
0.7 0.082309 0.05 0.000285795
0.9 0.0768195 0.05 0.000289457
1.1 0.0713728 0.05 0.000304381
1.3 0.062478 0.05 0.000310026
1.5 0.0510786 0.05 0.000299347
1.7 0.0408886 0.05 0.000284572
1.9 0.0293177 0.05 0.000242157
2.1 0.0177467 0.05 0.000173219
2.3 0.00972681 0.05 0.000111493
2.7 0.00173264 0.15 2.68012e-05
