-2.7 0.000556456 0.15 2.49218e-05
-2.3 0.00310041 0.05 0.000112624
-2.1 0.00643486 0.05 0.000209238
-1.9 0.0108158 0.05 0.000313526
-1.7 0.0164591 0.05 0.000423661
-1.5 0.0225956 0.05 0.000514576
-1.3 0.029242 0.05 0.000587393
-1.1 0.0356667 0.05 0.000630662
-0.9 0.0418879 0.05 0.000651679
-0.7 0.048033 0.05 0.000658729
-0.5 0.0534294 0.05 0.000649237
-0.3 0.0582142 0.05 0.000632753
-0.1 0.0621078 0.05 0.000612896
0.1 0.0649682 0.05 0.000594326
0.3 0.0667292 0.05 0.000581108
0.5 0.0664796 0.05 0.000568385
0.7 0.0657432 0.05 0.000570118
0.9 0.0634365 0.05 0.000575677
1.1 0.0592885 0.05 0.000578574
1.3 0.0544893 0.05 0.0005843
1.5 0.0478611 0.05 0.00057283
1.7 0.0410819 0.05 0.000554392
1.9 0.0328004 0.05 0.000501908
2.1 0.0250186 0.05 0.000435066
2.3 0.0176738 0.05 0.000349206
2.7 0.00588661 0.15 0.000149156
