-2.7 0.000361015 0.15 1.74627e-05
-2.3 0.0023333 0.05 9.04093e-05
-2.1 0.00512034 0.05 0.000176327
-1.9 0.00959769 0.05 0.000292341
-1.7 0.0149384 0.05 0.000400593
-1.5 0.0213417 0.05 0.000501681
-1.3 0.0282352 0.05 0.000579719
-1.1 0.0348475 0.05 0.000623436
-0.9 0.0418101 0.05 0.000651523
-0.7 0.0480728 0.05 0.000654237
-0.5 0.0535792 0.05 0.000641322
-0.3 0.059094 0.05 0.000630173
-0.1 0.0631009 0.05 0.000611573
0.1 0.0658629 0.05 0.000596324
0.3 0.067687 0.05 0.000592259
0.5 0.0682996 0.05 0.000599658
0.7 0.0668753 0.05 0.000611479
0.9 0.0640829 0.05 0.000630655
1.1 0.060155 0.05 0.000654053
1.3 0.0547657 0.05 0.000670239
1.5 0.0484255 0.05 0.00067494
1.7 0.0409247 0.05 0.000653608
1.9 0.0330774 0.05 0.00060658
2.1 0.0246562 0.05 0.000518749
2.3 0.0171479 0.05 0.000412824
2.7 0.00560777 0.15 0.00017466
