-2.7 0.000175165 0.15 7.95352e-06
-2.3 0.00137734 0.05 5.1568e-05
-2.1 0.00342577 0.05 0.000116003
-1.9 0.00716282 0.05 0.000218845
-1.7 0.0122404 0.05 0.000336776
-1.5 0.0186551 0.05 0.000461594
-1.3 0.0256774 0.05 0.00057115
-1.1 0.0327983 0.05 0.000656379
-0.9 0.0409937 0.05 0.00073999
-0.7 0.0485465 0.05 0.000794206
-0.5 0.0540257 0.05 0.000807009
-0.3 0.0597894 0.05 0.000824191
-0.1 0.0636353 0.05 0.000821016
0.1 0.0674794 0.05 0.000829214
0.3 0.0697421 0.05 0.000833028
0.5 0.0699329 0.05 0.000830104
0.7 0.0687061 0.05 0.000828953
0.9 0.0665138 0.05 0.000833405
1.1 0.0623466 0.05 0.000826972
1.3 0.056198 0.05 0.000801822
1.5 0.0493699 0.05 0.000767267
1.7 0.0416665 0.05 0.00071183
1.9 0.0334176 0.05 0.000631472
2.1 0.0244624 0.05 0.000513182
2.3 0.0165782 0.05 0.000386768
2.7 0.0050837 0.15 0.000146622
