-2.7 0.000223268 0.15 2.22533e-05
-2.3 0.00186564 0.05 0.00013257
-2.1 0.0042961 0.05 0.000250505
-1.9 0.00835029 0.05 0.000389116
-1.7 0.0136505 0.05 0.000490415
-1.5 0.0198568 0.05 0.000522077
-1.3 0.0266301 0.05 0.000471241
-1.1 0.0338587 0.05 0.000463891
-0.9 0.0409287 0.05 0.000560756
-0.7 0.0478653 0.05 -0.000655793
-0.5 0.0538022 0.05 -0.000737133
-0.3 0.0595007 0.05 -0.000815207
-0.1 0.063394 0.05 -0.000868549
0.1 0.0669552 0.05 -0.00091734
0.3 0.0686508 0.05 -0.000940571
0.5 0.0689612 0.05 -0.000944824
0.7 0.0679343 0.05 -0.000930754
0.9 0.0653326 0.05 -0.000895109
1.1 0.0607821 0.05 -0.000832763
1.3 0.0559086 0.05 -0.000765993
1.5 0.0493327 0.05 0.000675897
1.7 0.0417651 0.05 0.000572215
1.9 0.0329687 0.05 0.000703707
2.1 0.0247257 0.05 0.00075159
2.3 0.0170714 0.05 0.00069118
2.7 0.00538924 0.15 0.000343743
