-2.7 0 0.15 0
-2.3 1.86535e-05 0.05 5.47693e-07
-2.1 0 0.05 0
-1.9 3.73069e-05 0.05 8.28195e-07
-1.7 0.000354416 0.05 6.74766e-06
-1.5 0.00214515 0.05 3.46622e-05
-1.3 0.00619295 0.05 8.39646e-05
-1.1 0.0128895 0.05 0.000144853
-0.9 0.0227945 0.05 0.00020967
-0.7 0.0366914 0.05 0.000272935
-0.5 0.0520245 0.05 0.000310027
-0.3 0.0645597 0.05 0.000307308
-0.1 0.077785 0.05 0.000298778
0.1 0.0895553 0.05 0.000286783
0.3 0.0963638 0.05 0.000274034
0.5 0.0965504 0.05 0.000266999
0.7 0.0930808 0.05 0.000276192
0.9 0.0875967 0.05 0.000302147
1.1 0.07633 0.05 0.000321469
1.3 0.0632353 0.05 0.000332241
1.5 0.0501592 0.05 0.000329884
1.7 0.0344156 0.05 0.000281507
1.9 0.021153 0.05 0.000212856
2.1 0.0111734 0.05 0.000136607
2.3 0.00434626 0.05 6.37579e-05
2.7 0.000547168 0.15 1.11607e-05
