-2.7 0.000223268 0.15 -4.09708e-07
-2.3 0.00186564 0.05 -2.96618e-06
-2.1 0.0042961 0.05 -6.30375e-06
-1.9 0.00835029 0.05 -1.1229e-05
-1.7 0.0136505 0.05 -1.66832e-05
-1.5 0.0198568 0.05 -2.18343e-05
-1.3 0.0266301 0.05 -2.6018e-05
-1.1 0.0338587 0.05 -2.89301e-05
-0.9 0.0409287 0.05 -2.9954e-05
-0.7 0.0478653 0.05 -2.91635e-05
-0.5 0.0538022 0.05 -2.61859e-05
-0.3 0.0595007 0.05 -2.1666e-05
-0.1 0.063394 0.05 -1.5313e-05
0.1 0.0669552 0.05 -7.96613e-06
0.3 0.0686508 0.05 0
0.5 0.0689612 0.05 8.70132e-06
0.7 0.0679343 0.05 1.68989e-05
0.9 0.0653326 0.05 2.426e-05
1.1 0.0607821 0.05 3.00206e-05
1.3 0.0559086 0.05 3.44667e-05
1.5 0.0493327 0.05 3.64598e-05
1.7 0.0417651 0.05 3.59863e-05
1.9 0.0329687 0.05 3.24482e-05
2.1 0.0247257 0.05 2.73662e-05
2.3 0.0170714 0.05 2.09871e-05
2.7 0.00538924 0.15 7.94654e-06
