-2.7 0.00184287 0.15 0.000189935
-2.3 0.00673005 0.05 0.000485196
-2.1 0.0109466 0.05 0.000638489
-1.9 0.016007 0.05 0.00073164
-1.7 0.0216797 0.05 0.000742176
-1.5 0.0276225 0.05 0.000660349
-1.3 0.0333261 0.05 0.000581894
-1.1 0.0393435 0.05 0.000686961
-0.9 0.0442804 0.05 -0.000773162
-0.7 0.0498142 0.05 -0.000869786
-0.5 0.0536603 0.05 -0.000936941
-0.3 0.057226 0.05 -0.0009992
-0.1 0.0605138 0.05 -0.00105661
0.1 0.061777 0.05 -0.00107866
0.3 0.0631122 0.05 -0.00110198
0.5 0.0628781 0.05 -0.00109789
0.7 0.0613859 0.05 -0.00107183
0.9 0.0585149 0.05 -0.00102171
1.1 0.0552039 0.05 -0.000963893
1.3 0.0501872 0.05 -0.000876299
1.5 0.0455744 0.05 0.000795756
1.7 0.0386515 0.05 0.000674878
1.9 0.0319163 0.05 0.000756863
2.1 0.0244144 0.05 0.000830553
2.3 0.0171621 0.05 0.000780364
2.7 0.00622924 0.15 0.00044733
