-2.7 0.000789034 0.3 9.38395e-06
-2.3 0.00406057 0.1 3.68716e-05
-2.1 0.00753421 0.1 5.02247e-05
-1.9 0.0121419 0.1 6.3759e-05
-1.7 0.0177623 0.1 7.71167e-05
-1.5 0.0239677 0.1 8.95801e-05
-1.3 0.0303424 0.1 0.000100791
-1.1 0.0365846 0.1 0.000110675
-0.9 0.0425797 0.1 0.000119399
-0.7 0.048311 0.1 0.000127181
-0.5 0.0534962 0.1 0.000133832
-0.3 0.058004 0.1 0.000139357
-0.1 0.0616752 0.1 0.000143699
0.1 0.0642067 0.1 0.000146619
0.3 0.0653106 0.1 0.000147874
0.5 0.0656527 0.1 0.00014826
0.7 0.0643393 0.1 0.00014677
0.9 0.0621111 0.1 0.000144206
1.1 0.0584507 0.1 0.000139892
1.3 0.0535055 0.1 0.000133844
1.5 0.0475051 0.1 0.000126116
1.7 0.0402056 0.1 0.000116022
1.9 0.0326345 0.1 0.000104529
2.1 0.0249885 0.1 9.14679e-05
2.3 0.0176749 0.1 7.69267e-05
2.7 0.00616618 0.3 2.62329e-05
