-2.7 0.00300342 0.15 0.000198062
-2.3 0.00950558 0.05 0.000440655
-2.1 0.0144235 0.05 0.000542827
-1.9 0.0193257 0.05 0.000572553
-1.7 0.0256352 0.05 0.000572493
-1.5 0.0310956 0.05 0.000489827
-1.3 0.0368174 0.05 0.00041706
-1.1 0.0420479 0.05 0.00047631
-0.9 0.0465373 0.05 -0.000527165
-0.7 0.0512488 0.05 -0.000580536
-0.5 0.0541284 0.05 -0.000613156
-0.3 0.0576821 0.05 -0.000653411
-0.1 0.0602295 0.05 -0.000682268
0.1 0.0609489 0.05 -0.000690417
0.3 0.0608369 0.05 -0.000689148
0.5 0.059972 0.05 -0.000679351
0.7 0.0592035 0.05 -0.000670645
0.9 0.055575 0.05 -0.000629542
1.1 0.0528429 0.05 -0.000598594
1.3 0.047239 0.05 0.000535114
1.5 0.0422503 0.05 0.000478603
1.7 0.0358012 0.05 0.000405549
1.9 0.0291163 0.05 0.000383398
2.1 0.0223016 0.05 0.000433626
2.3 0.0165247 0.05 0.000436811
2.7 0.00570741 0.15 0.000242889
