-2.7 2.2933e-05 0.15 -5.90823e-07
-2.3 0.000278817 0.05 -5.13773e-06
-2.1 0.00112975 0.05 -1.71313e-05
-1.9 0.00319372 0.05 -3.88698e-05
-1.7 0.00720941 0.05 -6.81116e-05
-1.5 0.0126844 0.05 -8.87201e-05
-1.3 0.0203102 0.05 -9.77172e-05
-1.1 0.0289608 0.05 -8.50112e-05
-0.9 0.037481 0.05 -0.000110021
-0.7 0.0461605 0.05 0.000135499
-0.5 0.0544418 0.05 0.000159808
-0.3 0.0623645 0.05 0.000183064
-0.1 0.0677707 0.05 0.000198933
0.1 0.0723042 0.05 0.000212241
0.3 0.0738431 0.05 0.000216758
0.5 0.075201 0.05 0.000220744
0.7 0.0740966 0.05 0.000217502
0.9 0.0702945 0.05 0.000206342
1.1 0.06621 0.05 0.000194352
1.3 0.0592468 0.05 -0.000173912
1.5 0.0512517 0.05 -0.000150444
1.7 0.0417972 0.05 -0.000186406
1.9 0.0324623 0.05 -0.000214125
2.1 0.0228377 0.05 -0.000205595
2.3 0.0146578 0.05 -0.000171184
2.7 0.00378877 0.15 -6.75962e-05
