-2.7 0.000100749 0.15 1.15115e-05
-2.3 0.00100509 0.05 8.22675e-05
-2.1 0.00270104 0.05 0.000182058
-1.9 0.0061433 0.05 0.000332511
-1.7 0.0111064 0.05 0.000466684
-1.5 0.0168347 0.05 0.000523286
-1.3 0.0245252 0.05 0.000522853
-1.1 0.0326427 0.05 0.000478248
-0.9 0.0401797 0.05 0.000588673
-0.7 0.0471626 0.05 0.000690979
-0.5 0.0548411 0.05 -0.000803477
-0.3 0.0601856 0.05 -0.000881779
-0.1 0.0648753 0.05 -0.000950488
0.1 0.0684231 0.05 -0.00100247
0.3 0.0713112 0.05 -0.00104478
0.5 0.0706419 0.05 -0.00103497
0.7 0.0695481 0.05 -0.00101895
0.9 0.067689 0.05 -0.000991712
1.1 0.063388 0.05 -0.000928698
1.3 0.0568945 0.05 -0.000833561
1.5 0.0492543 0.05 0.000721625
1.7 0.0415614 0.05 0.000637623
1.9 0.0331657 0.05 0.000806245
2.1 0.0245756 0.05 0.000846585
2.3 0.0164869 0.05 0.000754401
2.7 0.0047568 0.15 0.000341961
