-2.7 0 0.15 0
-2.3 1.86535e-05 0.05 3.10385e-06
-2.1 0 0.05 0
-1.9 3.73069e-05 0.05 4.33596e-06
-1.7 0.000354416 0.05 3.33806e-05
-1.5 0.00214515 0.05 0.000159119
-1.3 0.00619295 0.05 0.00034803
-1.1 0.0128895 0.05 0.000518804
-0.9 0.0227945 0.05 0.000917481
-0.7 0.0366914 0.05 0.00147683
-0.5 0.0520245 0.05 0.00209399
-0.3 0.0645597 0.05 -0.00259853
-0.1 0.077785 0.05 -0.00313085
0.1 0.0895553 0.05 -0.00360461
0.3 0.0963638 0.05 -0.00387865
0.5 0.0965504 0.05 -0.00388616
0.7 0.0930808 0.05 -0.00374651
0.9 0.0875967 0.05 -0.00352578
1.1 0.07633 0.05 -0.00307229
1.3 0.0632353 0.05 0.00254523
1.5 0.0501592 0.05 0.00201891
1.7 0.0344156 0.05 0.00138523
1.9 0.021153 0.05 0.000945622
2.1 0.0111734 0.05 0.000684319
2.3 0.00434626 0.05 0.000346907
2.7 0.000547168 0.15 6.73307e-05
