-2.7 0 0.3 0
-2.3 2.34348e-05 0.1 2.34348e-05
-2.1 0 0.1 0
-1.9 4.68695e-05 0.1 3.31417e-05
-1.7 0.00044526 0.1 0.00010215
-1.5 0.00262469 0.1 0.00024801
-1.3 0.00731164 0.1 0.00041394
-1.1 0.0146702 0.1 0.000586337
-0.9 0.0246065 0.1 0.000759373
-0.7 0.0383861 0.1 0.000948456
-0.5 0.0534078 0.1 0.00111875
-0.3 0.0643753 0.1 0.00122826
-0.1 0.0760458 0.1 0.00133496
0.1 0.0865445 0.1 0.00142413
0.3 0.0927079 0.1 0.00147397
0.5 0.0922626 0.1 0.00147043
0.7 0.0911143 0.1 0.00146125
0.9 0.0855369 0.1 0.00141582
1.1 0.075952 0.1 0.00133414
1.3 0.0636254 0.1 0.00122108
1.5 0.0516736 0.1 0.00110044
1.7 0.0365113 0.1 0.000925005
1.9 0.0233176 0.1 0.000739217
2.1 0.012936 0.1 0.000550592
2.3 0.00520252 0.1 0.00034917
2.7 0.000671796 0.3 7.24417e-05
