-2.7 0.000223268 0.15 -5.78862e-06
-2.3 0.00186564 0.05 -3.39451e-05
-2.1 0.0042961 0.05 -6.34238e-05
-1.9 0.00835029 0.05 -9.70354e-05
-1.7 0.0136505 0.05 -0.000119681
-1.5 0.0198568 0.05 -0.000123189
-1.3 0.0266301 0.05 -0.000104646
-1.1 0.0338587 0.05 -0.000131607
-0.9 0.0409287 0.05 -0.000159088
-0.7 0.0478653 0.05 0.00018605
-0.5 0.0538022 0.05 0.000209126
-0.3 0.0595007 0.05 0.000231276
-0.1 0.063394 0.05 0.000246409
0.1 0.0669552 0.05 0.000260252
0.3 0.0686508 0.05 0.000266842
0.5 0.0689612 0.05 0.000268049
0.7 0.0679343 0.05 0.000264057
0.9 0.0653326 0.05 0.000253945
1.1 0.0607821 0.05 0.000236257
1.3 0.0559086 0.05 -0.000217314
1.5 0.0493327 0.05 -0.000191754
1.7 0.0417651 0.05 -0.000189774
1.9 0.0329687 0.05 -0.000227484
2.1 0.0247257 0.05 -0.00023602
2.3 0.0170714 0.05 -0.00021306
2.7 0.00538924 0.15 -0.000103574
