-2.7 0.000223268 0.15 2.88817e-05
-2.3 0.00186564 0.05 0.000178275
-2.1 0.0042961 0.05 0.000346115
-1.9 0.00835029 0.05 0.000558402
-1.7 0.0136505 0.05 0.000744122
-1.5 0.0198568 0.05 0.000864593
-1.3 0.0266301 0.05 0.000906821
-1.1 0.0338587 0.05 0.000947425
-0.9 0.0409287 0.05 0.00100246
-0.7 0.0478653 0.05 0.00103779
-0.5 0.0538022 0.05 0.00105024
-0.3 0.0595007 0.05 0.00106829
-0.1 0.063394 0.05 0.00107129
0.1 0.0669552 0.05 0.00108857
0.3 0.0686508 0.05 0.00109463
0.5 0.0689612 0.05 0.00109685
0.7 0.0679343 0.05 0.00109588
0.9 0.0653326 0.05 0.00108872
1.1 0.0607821 0.05 0.00106868
1.3 0.0559086 0.05 0.00106122
1.5 0.0493327 0.05 0.00103361
1.7 0.0417651 0.05 0.000988825
1.9 0.0329687 0.05 0.00105325
2.1 0.0247257 0.05 0.00103753
2.3 0.0170714 0.05 0.000911031
2.7 0.00538924 0.15 0.000431665
