-2.7 0.000175165 0.15 -4.88174e-06
-2.3 0.00137734 0.05 -2.69795e-05
-2.1 0.00342577 0.05 -5.45198e-05
-1.9 0.00716282 0.05 -8.9912e-05
-1.7 0.0122404 0.05 -0.000116309
-1.5 0.0186551 0.05 -0.000126162
-1.3 0.0256774 0.05 -0.000111316
-1.1 0.0327983 0.05 -0.000129163
-0.9 0.0409937 0.05 -0.000161437
-0.7 0.0485465 0.05 0.000191181
-0.5 0.0540257 0.05 0.000212759
-0.3 0.0597894 0.05 0.000235457
-0.1 0.0636353 0.05 0.000250602
0.1 0.0674794 0.05 0.000265741
0.3 0.0697421 0.05 0.000274651
0.5 0.0699329 0.05 0.000275403
0.7 0.0687061 0.05 0.000270571
0.9 0.0665138 0.05 0.000261938
1.1 0.0623466 0.05 0.000245527
1.3 0.056198 0.05 -0.000221313
1.5 0.0493699 0.05 -0.000194424
1.7 0.0416665 0.05 -0.000220566
1.9 0.0334176 0.05 -0.000262297
2.1 0.0244624 0.05 -0.000262139
2.3 0.0165782 0.05 -0.000230344
2.7 0.0050837 0.15 -0.000107701
