-2.7 0.000361015 0.15 3.9499e-05
-2.3 0.0023333 0.05 0.000182599
-2.1 0.00512034 0.05 0.000329541
-1.9 0.00959769 0.05 0.000495045
-1.7 0.0149384 0.05 0.000596324
-1.5 0.0213417 0.05 0.000626957
-1.3 0.0282352 0.05 0.000563414
-1.1 0.0348475 0.05 0.000527856
-0.9 0.0418101 0.05 0.000633323
-0.7 0.0480728 0.05 -0.000728188
-0.5 0.0535792 0.05 -0.000811596
-0.3 0.059094 0.05 -0.000895132
-0.1 0.0631009 0.05 -0.000955827
0.1 0.0658629 0.05 -0.000997665
0.3 0.067687 0.05 -0.0010253
0.5 0.0682996 0.05 -0.00103458
0.7 0.0668753 0.05 -0.001013
0.9 0.0640829 0.05 -0.000970702
1.1 0.060155 0.05 -0.000911204
1.3 0.0547657 0.05 0.000829569
1.5 0.0484255 0.05 0.00073353
1.7 0.0409247 0.05 0.000619911
1.9 0.0330774 0.05 0.000706566
2.1 0.0246562 0.05 0.000763349
2.3 0.0171479 0.05 0.000714678
2.7 0.00560777 0.15 0.000372745
