-2.7 1.46944e-05 0.3 4.43054e-06
-2.3 9.21741e-05 0.1 1.92196e-05
-2.1 0.000512969 0.1 4.53405e-05
-1.9 0.00175131 0.1 8.37765e-05
-1.7 0.00468886 0.1 0.00013708
-1.5 0.0102794 0.1 0.000202967
-1.3 0.0176173 0.1 0.000265711
-1.1 0.0260492 0.1 0.000323101
-0.9 0.0357275 0.1 0.000378392
-0.7 0.0449289 0.1 0.00042433
-0.5 0.0547434 0.1 0.000468389
-0.3 0.0630351 0.1 0.000502611
-0.1 0.0691346 0.1 0.000526367
0.1 0.0750338 0.1 0.000548364
0.3 0.0773862 0.1 0.000556894
0.5 0.0778511 0.1 0.000558564
0.7 0.0770896 0.1 0.000555826
0.9 0.0736431 0.1 0.000543259
1.1 0.0684293 0.1 0.000523675
1.3 0.0602218 0.1 0.000491267
1.5 0.0506798 0.1 0.000450669
1.7 0.0421757 0.1 0.000411123
1.9 0.0310547 0.1 0.00035278
2.1 0.0217731 0.1 0.000295394
2.3 0.0131248 0.1 0.000229344
2.7 0.0029616 0.3 6.28989e-05
