-2.7 0 0.15 0
-2.3 3.43097e-05 0.05 3.83829e-06
-2.1 0.000137239 0.05 1.28692e-05
-1.9 0.000626153 0.05 4.82695e-05
-1.7 0.00218725 0.05 0.000135219
-1.5 0.00608998 0.05 0.000292135
-1.3 0.012789 0.05 0.000454446
-1.1 0.021598 0.05 0.000529458
-0.9 0.0320539 0.05 0.000785776
-0.7 0.043865 0.05 0.00107532
-0.5 0.0551014 0.05 -0.00135077
-0.3 0.0644937 0.05 -0.00158101
-0.1 0.0714071 0.05 -0.00175049
0.1 0.0784921 0.05 -0.00192417
0.3 0.0825664 0.05 -0.00202405
0.5 0.0850881 0.05 -0.00208587
0.7 0.082309 0.05 -0.00201774
0.9 0.0768195 0.05 -0.00188317
1.1 0.0713728 0.05 -0.00174965
1.3 0.062478 0.05 0.0015316
1.5 0.0510786 0.05 0.00125215
1.7 0.0408886 0.05 0.00100235
1.9 0.0293177 0.05 0.000853901
2.1 0.0177467 0.05 0.000723366
2.3 0.00972681 0.05 0.000523411
2.7 0.00173264 0.15 0.000145819
