-2.7 0.000223268 0.15 1.74719e-05
-2.3 0.00186564 0.05 0.000114219
-2.1 0.0042961 0.05 0.000230175
-1.9 0.00835029 0.05 0.000388406
-1.7 0.0136505 0.05 0.000546451
-1.5 0.0198568 0.05 0.000677721
-1.3 0.0266301 0.05 0.000767221
-1.1 0.0338587 0.05 0.000815023
-0.9 0.0409287 0.05 0.000815034
-0.7 0.0478653 0.05 0.000781966
-0.5 0.0538022 0.05 0.000717791
-0.3 0.0595007 0.05 0.000650164
-0.1 0.063394 0.05 0.00057649
0.1 0.0669552 0.05 0.000525045
0.3 0.0686508 0.05 0.000492283
0.5 0.0689612 0.05 0.00048832
0.7 0.0679343 0.05 0.000514433
0.9 0.0653326 0.05 0.000564805
1.1 0.0607821 0.05 0.000625983
1.3 0.0559086 0.05 0.000700742
1.5 0.0493327 0.05 0.000757242
1.7 0.0417651 0.05 0.000782966
1.9 0.0329687 0.05 0.00074922
2.1 0.0247257 0.05 0.000674633
2.3 0.0170714 0.05 0.000553545
2.7 0.00538924 0.15 0.000239552
