-2.7 0 0.15 -0
-2.3 2.34348e-05 0.05 -3.60048e-07
-2.1 0 0.05 -0
-1.9 4.68695e-05 0.05 -4.931e-07
-1.7 0.00044526 0.05 -3.74206e-06
-1.5 0.00262469 0.05 -1.7037e-05
-1.3 0.00731164 0.05 -3.49586e-05
-1.1 0.0146702 0.05 -4.80415e-05
-0.9 0.0246065 0.05 -8.05806e-05
-0.7 0.0383861 0.05 -0.000125706
-0.5 0.0534078 0.05 0.000174898
-0.3 0.0643753 0.05 0.000210814
-0.1 0.0760458 0.05 0.000249033
0.1 0.0865445 0.05 0.000283413
0.3 0.0927079 0.05 0.000303597
0.5 0.0922626 0.05 0.000302139
0.7 0.0911143 0.05 0.000298378
0.9 0.0855369 0.05 0.000280114
1.1 0.075952 0.05 -0.000248725
1.3 0.0636254 0.05 -0.000208359
1.5 0.0516736 0.05 -0.000169219
1.7 0.0365113 0.05 -0.000129116
1.9 0.0233176 0.05 -0.000118457
2.1 0.012936 0.05 -8.83185e-05
2.3 0.00520252 0.05 -4.5667e-05
2.7 0.000671796 0.15 -8.9275e-06
