-2.7 0.0014733 0.15 7.36373e-05
-2.3 0.00599169 0.05 0.000242355
-2.1 0.00999709 0.05 0.000361733
-1.9 0.0149928 0.05 0.00048357
-1.7 0.0204049 0.05 0.000584755
-1.5 0.0267117 0.05 0.000678373
-1.3 0.0324033 0.05 0.000728073
-1.1 0.03823 0.05 0.000759879
-0.9 0.043341 0.05 0.000763595
-0.7 0.048469 0.05 0.000760697
-0.5 0.0532509 0.05 0.000751115
-0.3 0.0571597 0.05 0.000734519
-0.1 0.0601889 0.05 0.000718042
0.1 0.0622098 0.05 0.000705689
0.3 0.0636747 0.05 0.000706286
0.5 0.0637638 0.05 0.000712554
0.7 0.062011 0.05 0.000718838
0.9 0.0602433 0.05 0.000743625
1.1 0.0563841 0.05 0.000757222
1.3 0.0519014 0.05 0.000770746
1.5 0.0464752 0.05 0.000771725
1.7 0.0395016 0.05 0.000738459
1.9 0.0324211 0.05 0.000684675
2.1 0.0245388 0.05 0.000585896
2.3 0.0178419 0.05 0.000481176
2.7 0.00641871 0.15 0.000219246
