-2.7 0 0.15 0
-2.3 2.34348e-05 0.05 6.73915e-07
-2.1 0 0.05 0
-1.9 4.68695e-05 0.05 1.03124e-06
-1.7 0.00044526 0.05 8.46844e-06
-1.5 0.00262469 0.05 4.27796e-05
-1.3 0.00731164 0.05 0.000101203
-1.1 0.0146702 0.05 0.000170861
-0.9 0.0246065 0.05 0.000239054
-0.7 0.0383861 0.05 0.000308861
-0.5 0.0534078 0.05 0.000354633
-0.3 0.0643753 0.05 0.000353863
-0.1 0.0760458 0.05 0.000351064
0.1 0.0865445 0.05 0.000346086
0.3 0.0927079 0.05 0.000337849
0.5 0.0922626 0.05 0.000327751
0.7 0.0911143 0.05 0.00033925
0.9 0.0855369 0.05 0.000355591
1.1 0.075952 0.05 0.000368658
1.3 0.0636254 0.05 0.000369875
1.5 0.0516736 0.05 0.000363559
1.7 0.0365113 0.05 0.000311108
1.9 0.0233176 0.05 0.000239446
2.1 0.012936 0.05 0.000158851
2.3 0.00520252 0.05 7.57149e-05
2.7 0.000671796 0.15 1.33616e-05
