-2.7 0.000556456 0.15 5.86126e-05
-2.3 0.00310041 0.05 0.000232197
-2.1 0.00643486 0.05 0.000394635
-1.9 0.0108158 0.05 0.000528527
-1.7 0.0164591 0.05 0.000617353
-1.5 0.0225956 0.05 0.000615816
-1.3 0.029242 0.05 0.000529359
-1.1 0.0356667 0.05 0.000548618
-0.9 0.0418879 0.05 0.000644311
-0.7 0.048033 0.05 -0.000738834
-0.5 0.0534294 0.05 -0.00082184
-0.3 0.0582142 0.05 -0.000895439
-0.1 0.0621078 0.05 -0.00095533
0.1 0.0649682 0.05 -0.000999328
0.3 0.0667292 0.05 -0.00102642
0.5 0.0664796 0.05 -0.00102258
0.7 0.0657432 0.05 -0.00101125
0.9 0.0634365 0.05 -0.000975768
1.1 0.0592885 0.05 -0.000911964
1.3 0.0544893 0.05 -0.000838144
1.5 0.0478611 0.05 0.00073619
1.7 0.0410819 0.05 0.000631914
1.9 0.0328004 0.05 0.00071353
2.1 0.0250186 0.05 0.000784613
2.3 0.0176738 0.05 0.000743572
2.7 0.00588661 0.15 0.00039325
