-2.7 2.2933e-05 0.15 1.068e-06
-2.3 0.000278817 0.05 1.02369e-05
-2.1 0.00112975 0.05 3.64892e-05
-1.9 0.00319372 0.05 9.01325e-05
-1.7 0.00720941 0.05 0.000176526
-1.5 0.0126844 0.05 0.000267509
-1.3 0.0203102 0.05 0.000366274
-1.1 0.0289608 0.05 0.000443648
-0.9 0.037481 0.05 0.000485158
-0.7 0.0461605 0.05 0.000503593
-0.5 0.0544418 0.05 0.000501711
-0.3 0.0623645 0.05 0.000490299
-0.1 0.0677707 0.05 0.000464128
0.1 0.0723042 0.05 0.000446517
0.3 0.0738431 0.05 0.00043146
0.5 0.075201 0.05 0.000439978
0.7 0.0740966 0.05 0.000459313
0.9 0.0702945 0.05 0.000484143
1.1 0.06621 0.05 0.000524134
1.3 0.0592468 0.05 0.000550135
1.5 0.0512517 0.05 0.000563518
1.7 0.0417972 0.05 0.000545249
1.9 0.0324623 0.05 0.000501069
2.1 0.0228377 0.05 0.000414874
2.3 0.0146578 0.05 0.000311291
2.7 0.00378877 0.15 0.000107603
