-2.7 0.00110339 0.15 0.000112444
-2.3 0.00509044 0.05 0.00036364
-2.1 0.00847865 0.05 0.000490847
-1.9 0.0135349 0.05 0.000615521
-1.7 0.0195391 0.05 0.000668028
-1.5 0.0249011 0.05 0.000598378
-1.3 0.0313978 0.05 0.000522199
-1.1 0.0372866 0.05 0.00062014
-0.9 0.0432809 0.05 -0.000719835
-0.7 0.048547 0.05 -0.000807419
-0.5 0.0536943 0.05 -0.000893027
-0.3 0.0575134 0.05 -0.000956546
-0.1 0.0602886 0.05 -0.0010027
0.1 0.0630151 0.05 -0.00104805
0.3 0.0646572 0.05 -0.00107536
0.5 0.0647239 0.05 -0.00107647
0.7 0.0633062 0.05 -0.00105289
0.9 0.0606723 0.05 -0.00100908
1.1 0.0572695 0.05 -0.000952489
1.3 0.0524636 0.05 0.000872559
1.5 0.0472236 0.05 0.000785409
1.7 0.0401139 0.05 0.000667162
1.9 0.0326481 0.05 0.000781697
2.1 0.025075 0.05 0.000854857
2.3 0.0178938 0.05 0.000811824
2.7 0.00628163 0.15 0.000447929
