-2.7 0.000100749 0.3 8.97545e-06
-2.3 0.00100509 0.1 4.9102e-05
-2.1 0.00270104 0.1 8.04936e-05
-1.9 0.0061433 0.1 0.000121394
-1.7 0.0111064 0.1 0.000163223
-1.5 0.0168347 0.1 0.000200955
-1.3 0.0245252 0.1 0.000242551
-1.1 0.0326427 0.1 0.000279827
-0.9 0.0401797 0.1 0.000310456
-0.7 0.0471626 0.1 0.000336353
-0.5 0.0548411 0.1 0.000362701
-0.3 0.0601856 0.1 0.000379964
-0.1 0.0648753 0.1 0.00039449
0.1 0.0684231 0.1 0.000405133
0.3 0.0713112 0.1 0.000413595
0.5 0.0706419 0.1 0.000411649
0.7 0.0695481 0.1 0.00040845
0.9 0.067689 0.1 0.000402954
1.1 0.063388 0.1 0.000389942
1.3 0.0568945 0.1 0.000369429
1.5 0.0492543 0.1 0.000343731
1.7 0.0415614 0.1 0.000315748
1.9 0.0331657 0.1 0.000282059
2.1 0.0245756 0.1 0.0002428
2.3 0.0164869 0.1 0.000198868
2.7 0.0047568 0.3 6.16727e-05
