-2.7 0.00300342 0.15 0.000242153
-2.3 0.00950558 0.05 0.00057311
-2.1 0.0144235 0.05 0.000747139
-1.9 0.0193257 0.05 0.000861166
-1.7 0.0256352 0.05 0.00099213
-1.5 0.0310956 0.05 0.00107808
-1.3 0.0368174 0.05 0.00120241
-1.1 0.0420479 0.05 0.00137023
-0.9 0.0465373 0.05 0.00152098
-0.7 0.0512488 0.05 0.00168849
-0.5 0.0541284 0.05 0.00180679
-0.3 0.0576821 0.05 0.0019602
-0.1 0.0602295 0.05 0.00209343
0.1 0.0609489 0.05 0.00217622
0.3 0.0608369 0.05 0.00224052
0.5 0.059972 0.05 0.00228657
0.7 0.0592035 0.05 0.00234467
0.9 0.055575 0.05 0.00229294
1.1 0.0528429 0.05 0.00227716
1.3 0.047239 0.05 0.00213084
1.5 0.0422503 0.05 0.00199859
1.7 0.0358012 0.05 0.00177883
1.9 0.0291163 0.05 0.00154985
2.1 0.0223016 0.05 0.00130524
2.3 0.0165247 0.05 0.00107261
2.7 0.00570741 0.15 0.000462018
