-2.7 0.00277713 0.15 0.000227246
-2.3 0.00906684 0.05 0.000521336
-2.1 0.0134097 0.05 0.000625781
-1.9 0.0187859 0.05 0.000689835
-1.7 0.0246859 0.05 0.000682886
-1.5 0.0300093 0.05 0.000584962
-1.3 0.0353945 0.05 0.000499062
-1.1 0.040972 0.05 0.000577705
-0.9 0.0460511 0.05 0.000649321
-0.7 0.0504348 0.05 -0.000711131
-0.5 0.0535363 0.05 -0.000754862
-0.3 0.057247 0.05 -0.000807183
-0.1 0.0598419 0.05 -0.000843771
0.1 0.0606487 0.05 -0.000855147
0.3 0.0613967 0.05 -0.000865693
0.5 0.0605402 0.05 -0.000853617
0.7 0.0593991 0.05 -0.000837527
0.9 0.0570501 0.05 -0.000804406
1.1 0.0529747 0.05 -0.000746943
1.3 0.0485561 0.05 -0.000684641
1.5 0.043428 0.05 0.000612335
1.7 0.0373549 0.05 0.000526704
1.9 0.0300866 0.05 0.000493225
2.1 0.0233063 0.05 0.000563994
2.3 0.0169406 0.05 0.000557217
2.7 0.00610548 0.15 0.000323234
