-2.7 0.00300342 0.15 0.000105134
-2.3 0.00950558 0.05 0.000309968
-2.1 0.0144235 0.05 0.000456912
-1.9 0.0193257 0.05 0.000597653
-1.7 0.0256352 0.05 0.000778036
-1.5 0.0310956 0.05 0.000931416
-1.3 0.0368174 0.05 0.00109474
-1.1 0.0420479 0.05 0.00124853
-0.9 0.0465373 0.05 0.00138819
-0.7 0.0512488 0.05 0.00154486
-0.5 0.0541284 0.05 0.00165834
-0.3 0.0576821 0.05 0.00180589
-0.1 0.0602295 0.05 0.00193675
0.1 0.0609489 0.05 0.00202245
0.3 0.0608369 0.05 0.002092
0.5 0.059972 0.05 0.00214516
0.7 0.0592035 0.05 0.00221005
0.9 0.055575 0.05 0.0021712
1.1 0.0528429 0.05 0.00216572
1.3 0.047239 0.05 0.00203497
1.5 0.0422503 0.05 0.00191606
1.7 0.0358012 0.05 0.0017113
1.9 0.0291163 0.05 0.00146828
2.1 0.0223016 0.05 0.0011872
2.3 0.0165247 0.05 0.000928982
2.7 0.00570741 0.15 0.000357965
