-2.7 0.000100749 0.15 6.7367e-06
-2.3 0.00100509 0.05 5.31105e-05
-2.1 0.00270104 0.05 0.000125781
-1.9 0.0061433 0.05 0.000250565
-1.7 0.0111064 0.05 0.000394254
-1.5 0.0168347 0.05 0.000516854
-1.3 0.0245252 0.05 0.000647414
-1.1 0.0326427 0.05 0.000737288
-0.9 0.0401797 0.05 0.00077417
-0.7 0.0471626 0.05 0.000775414
-0.5 0.0548411 0.05 0.000773665
-0.3 0.0601856 0.05 0.000738231
-0.1 0.0648753 0.05 0.000708237
0.1 0.0684231 0.05 0.000688357
0.3 0.0713112 0.05 0.000691453
0.5 0.0706419 0.05 0.000694033
0.7 0.0695481 0.05 0.000726465
0.9 0.067689 0.05 0.000782404
1.1 0.063388 0.05 0.000834478
1.3 0.0568945 0.05 0.000868375
1.5 0.0492543 0.05 0.000879367
1.7 0.0415614 0.05 0.000870163
1.9 0.0331657 0.05 0.000812971
2.1 0.0245756 0.05 0.000702383
2.3 0.0164869 0.05 0.000546394
2.7 0.0047568 0.15 0.000208061
