-2.7 0.000223268 0.3 9.21525e-06
-2.3 0.00186564 0.1 4.6139e-05
-2.1 0.0042961 0.1 7.00151e-05
-1.9 0.00835029 0.1 9.76125e-05
-1.7 0.0136505 0.1 0.000124804
-1.5 0.0198568 0.1 0.000150525
-1.3 0.0266301 0.1 0.000174318
-1.1 0.0338587 0.1 0.000196558
-0.9 0.0409287 0.1 0.000216107
-0.7 0.0478653 0.1 0.000233703
-0.5 0.0538022 0.1 0.000247773
-0.3 0.0595007 0.1 0.000260565
-0.1 0.063394 0.1 0.000268954
0.1 0.0669552 0.1 0.000276406
0.3 0.0686508 0.1 0.000279884
0.5 0.0689612 0.1 0.000280516
0.7 0.0679343 0.1 0.000278419
0.9 0.0653326 0.1 0.000273036
1.1 0.0607821 0.1 0.000263355
1.3 0.0559086 0.1 0.000252577
1.5 0.0493327 0.1 0.000237259
1.7 0.0417651 0.1 0.000218304
1.9 0.0329687 0.1 0.000193957
2.1 0.0247257 0.1 0.000167969
2.3 0.0170714 0.1 0.000139569
2.7 0.00538924 0.3 4.52749e-05
