-2.7 0.00110339 0.15 -3.00768e-06
-2.3 0.00509044 0.05 -1.19265e-05
-2.1 0.00847865 0.05 -1.82416e-05
-1.9 0.0135349 0.05 -2.65285e-05
-1.7 0.0195391 0.05 -3.45557e-05
-1.5 0.0249011 0.05 -3.9271e-05
-1.3 0.0313978 0.05 -4.35054e-05
-1.1 0.0372866 0.05 -4.45262e-05
-0.9 0.0432809 0.05 -4.33978e-05
-0.7 0.048547 0.05 -3.9383e-05
-0.5 0.0536943 0.05 -3.32782e-05
-0.3 0.0575134 0.05 -2.46336e-05
-0.1 0.0602886 0.05 -1.42793e-05
0.1 0.0630151 0.05 -0
0.3 0.0646572 0.05 9.4448e-06
0.5 0.0647239 0.05 2.18467e-05
0.7 0.0633062 0.05 3.34889e-05
0.9 0.0606723 0.05 4.3712e-05
1.1 0.0572695 0.05 5.22254e-05
1.3 0.0524636 0.05 5.78873e-05
1.5 0.0472236 0.05 6.11475e-05
1.7 0.0401139 0.05 5.96217e-05
1.9 0.0326481 0.05 5.4776e-05
2.1 0.025075 0.05 4.68709e-05
2.3 0.0178938 0.05 3.68736e-05
2.7 0.00628163 0.15 1.53499e-05
