-2.7 0.00184287 0.15 -4.99407e-06
-2.3 0.00673005 0.05 -1.58698e-05
-2.1 0.0109466 0.05 -2.38866e-05
-1.9 0.016007 0.05 -3.21124e-05
-1.7 0.0216797 0.05 -3.96782e-05
-1.5 0.0276225 0.05 -4.56948e-05
-1.3 0.0333261 0.05 -4.92663e-05
-1.1 0.0393435 0.05 -5.12394e-05
-0.9 0.0442804 0.05 -4.98779e-05
-0.7 0.0498142 0.05 -4.73466e-05
-0.5 0.0536603 0.05 -4.15608e-05
-0.3 0.057226 0.05 -3.42537e-05
-0.1 0.0605138 0.05 -2.55743e-05
0.1 0.061777 0.05 -1.52387e-05
0.3 0.0631122 0.05 -0
0.5 0.0628781 0.05 6.61622e-06
0.7 0.0613859 0.05 1.72599e-05
0.9 0.0585149 0.05 2.67483e-05
1.1 0.0552039 0.05 3.49478e-05
1.3 0.0501872 0.05 4.06022e-05
1.5 0.0455744 0.05 4.48891e-05
1.7 0.0386515 0.05 4.48709e-05
1.9 0.0319163 0.05 4.26676e-05
2.1 0.0244144 0.05 3.69343e-05
2.3 0.0171621 0.05 2.89825e-05
2.7 0.00622924 0.15 1.27117e-05
