-2.7 0.000361015 0.3 9.56353e-06
-2.3 0.0023333 0.1 4.21116e-05
-2.1 0.00512034 0.1 6.23829e-05
-1.9 0.00959769 0.1 8.54082e-05
-1.7 0.0149384 0.1 0.000106554
-1.5 0.0213417 0.1 0.000127359
-1.3 0.0282352 0.1 0.000146491
-1.1 0.0348475 0.1 0.000162743
-0.9 0.0418101 0.1 0.000178261
-0.7 0.0480728 0.1 0.000191146
-0.5 0.0535792 0.1 0.000201797
-0.3 0.059094 0.1 0.000211928
-0.1 0.0631009 0.1 0.000218995
0.1 0.0658629 0.1 0.000223736
0.3 0.067687 0.1 0.000226813
0.5 0.0682996 0.1 0.000227837
0.7 0.0668753 0.1 0.000225449
0.9 0.0640829 0.1 0.000220692
1.1 0.060155 0.1 0.000213822
1.3 0.0547657 0.1 0.000204019
1.5 0.0484255 0.1 0.000191846
1.7 0.0409247 0.1 0.000176364
1.9 0.0330774 0.1 0.000158556
2.1 0.0246562 0.1 0.000136892
2.3 0.0171479 0.1 0.000114162
2.7 0.00560777 0.3 3.76921e-05
