-2.7 0 0.15 0
-2.3 0 0.05 0
-2.1 0 0.05 0
-1.9 0 0.05 0
-1.7 0 0.05 0
-1.5 0.000374049 0.05 9.22498e-06
-1.3 0.00236898 0.05 4.84435e-05
-1.1 0.0073563 0.05 0.000122994
-0.9 0.0183284 0.05 0.000246948
-0.7 0.0331657 0.05 0.000355248
-0.5 0.0487511 0.05 0.000411106
-0.3 0.0670795 0.05 0.000445272
-0.1 0.0829143 0.05 0.000441676
0.1 0.0994971 0.05 0.000447692
0.3 0.103736 0.05 0.000431119
0.5 0.10623 0.05 0.000456365
0.7 0.096006 0.05 0.000472332
0.9 0.0938864 0.05 0.000565886
1.1 0.0765554 0.05 0.000583245
1.3 0.0648352 0.05 0.000628485
1.5 0.0470055 0.05 0.000575925
1.7 0.0301733 0.05 0.000461492
1.9 0.014962 0.05 0.000281597
2.1 0.00536137 0.05 0.000122404
2.3 0.00137151 0.05 3.74754e-05
2.7 4.1561e-05 0.15 1.56945e-06
