-2.7 0 0.3 0
-2.3 1.86535e-05 0.1 1.86535e-05
-2.1 0 0.1 0
-1.9 3.73069e-05 0.1 2.638e-05
-1.7 0.000354416 0.1 8.13086e-05
-1.5 0.00214515 0.1 0.000200036
-1.3 0.00619295 0.1 0.000339882
-1.1 0.0128895 0.1 0.000490341
-0.9 0.0227945 0.1 0.000652071
-0.7 0.0366914 0.1 0.000827298
-0.5 0.0520245 0.1 0.000985108
-0.3 0.0645597 0.1 0.00109739
-0.1 0.077785 0.1 0.00120456
0.1 0.0895553 0.1 0.00129248
0.3 0.0963638 0.1 0.00134072
0.5 0.0965504 0.1 0.00134201
0.7 0.0930808 0.1 0.00131768
0.9 0.0875967 0.1 0.00127827
1.1 0.07633 0.1 0.00119324
1.3 0.0632353 0.1 0.00108607
1.5 0.0501592 0.1 0.000967286
1.7 0.0344156 0.1 0.000801231
1.9 0.021153 0.1 0.000628154
2.1 0.0111734 0.1 0.000456534
2.3 0.00434626 0.1 0.000284733
2.7 0.000547168 0.3 5.83283e-05
