-2.7 0 0.15 0
-2.3 0 0.05 0
-2.1 0 0.05 0
-1.9 0 0.05 0
-1.7 0 0.05 0
-1.5 0 0.05 0
-1.3 0.000342779 0.05 4.75078e-05
-1.1 0.00205667 0.05 0.000215815
-0.9 0.00856947 0.05 0.000899229
-0.7 0.0215951 0.05 0.00226606
-0.5 0.0407907 0.05 0.00428033
-0.3 0.0603291 0.05 0.00633057
-0.1 0.0891225 0.05 -0.00935198
0.1 0.106261 0.05 -0.0111504
0.3 0.12957 0.05 -0.0135963
0.5 0.132655 0.05 -0.01392
0.7 0.113803 0.05 -0.0119418
0.9 0.100434 0.05 -0.0105389
1.1 0.0812386 0.05 0.00852469
1.3 0.0531307 0.05 0.00557522
1.5 0.0366773 0.05 0.0038487
1.7 0.015425 0.05 0.00161861
1.9 0.0065128 0.05 0.000683414
2.1 0.00137112 0.05 0.000162973
2.3 0 0.05 0
2.7 0.00011426 0.15 2.71091e-05
