-2.7 0 0.3 0
-2.3 0 0.1 0
-2.1 0 0.1 0
-1.9 0 0.1 0
-1.7 0 0.1 0
-1.5 0 0.1 0
-1.3 0.000342779 0.1 0.000342779
-1.1 0.00205667 0.1 0.000839633
-0.9 0.00856947 0.1 0.00171389
-0.7 0.0215951 0.1 0.00272072
-0.5 0.0407907 0.1 0.00373928
-0.3 0.0603291 0.1 0.00454747
-0.1 0.0891225 0.1 0.00552714
0.1 0.106261 0.1 0.00603524
0.3 0.12957 0.1 0.00666438
0.5 0.132655 0.1 0.00674325
0.7 0.113803 0.1 0.00624573
0.9 0.100434 0.1 0.00586743
1.1 0.0812386 0.1 0.00527701
1.3 0.0531307 0.1 0.00426756
1.5 0.0366773 0.1 0.00354573
1.7 0.015425 0.1 0.00229943
1.9 0.0065128 0.1 0.00149414
2.1 0.00137112 0.1 0.000685558
2.3 0 0.1 0
2.7 0.00011426 0.3 0.00011426
