-2.7 0.000789034 0.15 2.2711e-05
-2.3 0.00406057 0.05 9.83027e-05
-2.1 0.00753421 0.05 0.000166884
-1.9 0.0121419 0.05 0.000245792
-1.7 0.0177623 0.05 0.000328398
-1.5 0.0239677 0.05 0.000404716
-1.3 0.0303424 0.05 0.000468347
-1.1 0.0365846 0.05 0.0005172
-0.9 0.0425797 0.05 0.000553144
-0.7 0.048311 0.05 0.000579568
-0.5 0.0534962 0.05 0.000596729
-0.3 0.058004 0.05 0.000606994
-0.1 0.0616752 0.05 0.000612239
0.1 0.0642067 0.05 0.000612604
0.3 0.0653106 0.05 0.00060788
0.5 0.0656527 0.05 0.000605715
0.7 0.0643393 0.05 0.000598142
0.9 0.0621111 0.05 0.000591262
1.1 0.0584507 0.05 0.000578328
1.3 0.0535055 0.05 0.000557592
1.5 0.0475051 0.05 0.000527321
1.7 0.0402056 0.05 0.000479713
1.9 0.0326345 0.05 0.000421468
2.1 0.0249885 0.05 0.000351093
2.3 0.0176749 0.05 0.000271094
2.7 0.00616618 0.15 0.000113268
