-2.7 0 0.15 0
-2.3 0 0.05 0
-2.1 0 0.05 0
-1.9 0 0.05 0
-1.7 0 0.05 0
-1.5 0 0.05 0
-1.3 0.000342779 0.05 5.27122e-05
-1.1 0.00205667 0.05 0.000240328
-0.9 0.00856947 0.05 0.000957084
-0.7 0.0215951 0.05 0.00234046
-0.5 0.0407907 0.05 0.00434296
-0.3 0.0603291 0.05 0.00636503
-0.1 0.0891225 0.05 0.00936703
0.1 0.106261 0.05 0.011187
0.3 0.12957 0.05 0.0136583
0.5 0.132655 0.05 0.0139851
0.7 0.113803 0.05 0.0119844
0.9 0.100434 0.05 0.0106009
1.1 0.0812386 0.05 0.00865753
1.3 0.0531307 0.05 0.00576812
1.5 0.0366773 0.05 0.00410755
1.7 0.015425 0.05 0.00180955
1.9 0.0065128 0.05 0.000813702
2.1 0.00137112 0.05 0.000200527
2.3 0 0.05 0
2.7 0.00011426 0.15 3.20507e-05
