-2.7 0.00110339 0.15 0.000117561
-2.3 0.00509044 0.05 0.000383873
-2.1 0.00847865 0.05 0.000522854
-1.9 0.0135349 0.05 0.000665618
-1.7 0.0195391 0.05 0.000742516
-1.5 0.0249011 0.05 0.000703639
-1.3 0.0313978 0.05 0.000679343
-1.1 0.0372866 0.05 0.000790339
-0.9 0.0432809 0.05 0.000901703
-0.7 0.048547 0.05 0.00099733
-0.5 0.0536943 0.05 0.00109112
-0.3 0.0575134 0.05 0.00115959
-0.1 0.0602886 0.05 0.00120961
0.1 0.0630151 0.05 0.00126179
0.3 0.0646572 0.05 0.00129583
0.5 0.0647239 0.05 0.00130208
0.7 0.0633062 0.05 0.00128214
0.9 0.0606723 0.05 0.0012408
1.1 0.0572695 0.05 0.00118632
1.3 0.0524636 0.05 0.00110431
1.5 0.0472236 0.05 0.00101338
1.7 0.0401139 0.05 0.000891975
1.9 0.0326481 0.05 0.000950418
2.1 0.025075 0.05 0.000975881
2.3 0.0178938 0.05 0.000897515
2.7 0.00628163 0.15 0.000480689
