-2.7 6.06082e-05 0.15 2.66567e-06
-2.3 0.000576756 0.05 1.977e-05
-2.1 0.00192969 0.05 5.77247e-05
-1.9 0.00475481 0.05 0.000123033
-1.7 0.00935517 0.05 0.000207333
-1.5 0.0159908 0.05 0.000300222
-1.3 0.0228024 0.05 0.00035828
-1.1 0.0312387 0.05 0.000405338
-0.9 0.0388988 0.05 0.000410931
-0.7 0.0473116 0.05 0.000401109
-0.5 0.0539218 0.05 0.000362213
-0.3 0.0612182 0.05 0.000323364
-0.1 0.0664501 0.05 0.000277252
0.1 0.0704463 0.05 0.000238666
0.3 0.0728179 0.05 0.000213279
0.5 0.0729625 0.05 0.000203955
0.7 0.0713261 0.05 0.000213062
0.9 0.0680279 0.05 0.000238396
1.1 0.063799 0.05 0.000277337
1.3 0.0576971 0.05 0.000318205
1.5 0.0501914 0.05 0.000351769
1.7 0.041763 0.05 0.00036866
1.9 0.032924 0.05 0.000361232
2.1 0.023688 0.05 0.0003184
2.3 0.0154101 0.05 0.000250206
2.7 0.00443744 0.15 0.000101187
