-2.7 0.00277713 0.15 0.000255232
-2.3 0.00906684 0.05 0.000600125
-2.1 0.0134097 0.05 0.000736917
-1.9 0.0187859 0.05 0.000842931
-1.7 0.0246859 0.05 0.000889492
-1.5 0.0300093 0.05 0.000858151
-1.3 0.0353945 0.05 0.000859364
-1.1 0.040972 0.05 0.000961793
-0.9 0.0460511 0.05 0.00104963
-0.7 0.0504348 0.05 0.00112122
-0.5 0.0535363 0.05 0.00116633
-0.3 0.057247 0.05 0.00122815
-0.1 0.0598419 0.05 0.00127057
0.1 0.0606487 0.05 0.00128086
0.3 0.0613967 0.05 0.00129634
0.5 0.0605402 0.05 0.00128447
0.7 0.0593991 0.05 0.00127281
0.9 0.0570501 0.05 0.00124082
1.1 0.0529747 0.05 0.0011752
1.3 0.0485561 0.05 0.00110391
1.5 0.043428 0.05 0.00102546
1.7 0.0373549 0.05 0.000946902
1.9 0.0300866 0.05 0.000868923
2.1 0.0233063 0.05 0.000846141
2.3 0.0169406 0.05 0.000764575
2.7 0.00610548 0.15 0.000405636
