-2.7 6.06082e-05 0.15 6.48283e-06
-2.3 0.000576756 0.05 4.49302e-05
-2.1 0.00192969 0.05 0.000125223
-1.9 0.00475481 0.05 0.000251523
-1.7 0.00935517 0.05 0.000392161
-1.5 0.0159908 0.05 0.000510976
-1.3 0.0228024 0.05 0.000524553
-1.1 0.0312387 0.05 0.00047073
-0.9 0.0388988 0.05 0.000586158
-0.7 0.0473116 0.05 0.000712929
-0.5 0.0539218 0.05 -0.000812537
-0.3 0.0612182 0.05 -0.000922485
-0.1 0.0664501 0.05 -0.00100132
0.1 0.0704463 0.05 -0.00106154
0.3 0.0728179 0.05 -0.00109728
0.5 0.0729625 0.05 -0.00109946
0.7 0.0713261 0.05 -0.0010748
0.9 0.0680279 0.05 -0.0010251
1.1 0.063799 0.05 -0.000961374
1.3 0.0576971 0.05 0.000869426
1.5 0.0501914 0.05 0.000756324
1.7 0.041763 0.05 0.000629318
1.9 0.032924 0.05 0.000585925
2.1 0.023688 0.05 0.00061815
2.3 0.0154101 0.05 0.000545661
2.7 0.00443744 0.15 0.000253293
