-2.7 0.0014733 0.15 -5.42417e-06
-2.3 0.00599169 0.05 -1.90841e-05
-2.1 0.00999709 0.05 -2.93596e-05
-1.9 0.0149928 0.05 -4.03086e-05
-1.7 0.0204049 0.05 -4.97931e-05
-1.5 0.0267117 0.05 -5.85512e-05
-1.3 0.0324033 0.05 -6.2982e-05
-1.1 0.03823 0.05 -6.48155e-05
-0.9 0.043341 0.05 -6.27201e-05
-0.7 0.048469 0.05 -5.81071e-05
-0.5 0.0532509 0.05 -5.06187e-05
-0.3 0.0571597 0.05 -4.01426e-05
-0.1 0.0601889 0.05 -2.73264e-05
0.1 0.0622098 0.05 -1.27984e-05
0.3 0.0636747 0.05 0
0.5 0.0637638 0.05 1.85444e-05
0.7 0.062011 0.05 3.34307e-05
0.9 0.0602433 0.05 4.74349e-05
1.1 0.0563841 0.05 5.83953e-05
1.3 0.0519014 0.05 6.66388e-05
1.5 0.0464752 0.05 7.12107e-05
1.7 0.0395016 0.05 7.0333e-05
1.9 0.0324211 0.05 6.57756e-05
2.1 0.0245388 0.05 5.58766e-05
2.3 0.0178419 0.05 4.5057e-05
2.7 0.00641871 0.15 1.93968e-05
