-2.7 0.000361015 0.15 -1.38269e-06
-2.3 0.0023333 0.05 -7.74861e-06
-2.1 0.00512034 0.05 -1.57005e-05
-1.9 0.00959769 0.05 -2.69862e-05
-1.7 0.0149384 0.05 -3.82e-05
-1.5 0.0213417 0.05 -4.91414e-05
-1.3 0.0282352 0.05 -5.78265e-05
-1.1 0.0348475 0.05 -6.24979e-05
-0.9 0.0418101 0.05 -6.43416e-05
-0.7 0.0480728 0.05 -6.17413e-05
-0.5 0.0535792 0.05 -5.51737e-05
-0.3 0.059094 0.05 -4.58089e-05
-0.1 0.0631009 0.05 -3.28515e-05
0.1 0.0658629 0.05 -1.75227e-05
0.3 0.067687 0.05 -0
0.5 0.0682996 0.05 1.6603e-05
0.7 0.0668753 0.05 3.32812e-05
0.9 0.0640829 0.05 4.82051e-05
1.1 0.060155 0.05 6.05641e-05
1.3 0.0547657 0.05 6.90798e-05
1.5 0.0484255 0.05 7.34102e-05
1.7 0.0409247 0.05 7.24576e-05
1.9 0.0330774 0.05 6.69844e-05
2.1 0.0246562 0.05 5.62075e-05
2.3 0.0171479 0.05 4.34566e-05
2.7 0.00560777 0.15 1.70665e-05
