-2.7 2.2933e-05 0.15 3.13969e-06
-2.3 0.000278817 0.05 2.78745e-05
-2.1 0.00112975 0.05 9.42688e-05
-1.9 0.00319372 0.05 0.000217811
-1.7 0.00720941 0.05 0.000391091
-1.5 0.0126844 0.05 0.000527472
-1.3 0.0203102 0.05 0.000613589
-1.1 0.0289608 0.05 0.000582894
-0.9 0.037481 0.05 0.00075438
-0.7 0.0461605 0.05 0.000929072
-0.5 0.0544418 0.05 -0.00109575
-0.3 0.0623645 0.05 -0.00125521
-0.1 0.0677707 0.05 -0.00136402
0.1 0.0723042 0.05 -0.00145527
0.3 0.0738431 0.05 -0.00148624
0.5 0.075201 0.05 -0.00151357
0.7 0.0740966 0.05 -0.00149134
0.9 0.0702945 0.05 -0.00141482
1.1 0.06621 0.05 -0.00133261
1.3 0.0592468 0.05 -0.00119246
1.5 0.0512517 0.05 0.00103154
1.7 0.0417972 0.05 0.000841252
1.9 0.0324623 0.05 0.00076688
2.1 0.0228377 0.05 0.000780449
2.3 0.0146578 0.05 0.000674454
2.7 0.00378877 0.15 0.000278707
