-2.7 0 0.15 -0
-2.3 0 0.05 -0
-2.1 0 0.05 -0
-1.9 0 0.05 -0
-1.7 0 0.05 -0
-1.5 0.000374049 0.05 -8.37095e-07
-1.3 0.00236898 0.05 -4.74732e-06
-1.1 0.0073563 0.05 -1.30204e-05
-0.9 0.0183284 0.05 -2.81522e-05
-0.7 0.0331657 0.05 -4.31821e-05
-0.5 0.0487511 0.05 -5.20676e-05
-0.3 0.0670795 0.05 -5.59479e-05
-0.1 0.0829143 0.05 -4.97547e-05
0.1 0.0994971 0.05 -3.64254e-05
0.3 0.103736 0.05 -1.37053e-05
0.5 0.10623 0.05 1.08208e-05
0.7 0.096006 0.05 3.22428e-05
0.9 0.0938864 0.05 5.34983e-05
1.1 0.0765554 0.05 6.15352e-05
1.3 0.0648352 0.05 6.72847e-05
1.5 0.0470055 0.05 5.97797e-05
1.7 0.0301733 0.05 4.54328e-05
1.9 0.014962 0.05 2.60295e-05
2.1 0.00536137 0.05 1.05817e-05
2.3 0.00137151 0.05 3.02784e-06
2.7 4.1561e-05 0.15 1.11202e-07
