-2.7 0.00110339 0.15 -2.49072e-05
-2.3 0.00509044 0.05 -7.88682e-05
-2.1 0.00847865 0.05 -0.000104849
-1.9 0.0135349 0.05 -0.000128776
-1.7 0.0195391 0.05 -0.000135558
-1.5 0.0249011 0.05 -0.000115452
-1.3 0.0313978 0.05 -0.000121358
-1.1 0.0372866 0.05 -0.00014412
-0.9 0.0432809 0.05 0.000167289
-0.7 0.048547 0.05 0.000187643
-0.5 0.0536943 0.05 0.000207539
-0.3 0.0575134 0.05 0.0002223
-0.1 0.0602886 0.05 0.000233027
0.1 0.0630151 0.05 0.000243565
0.3 0.0646572 0.05 0.000249912
0.5 0.0647239 0.05 0.00025017
0.7 0.0633062 0.05 0.00024469
0.9 0.0606723 0.05 0.00023451
1.1 0.0572695 0.05 0.000221357
1.3 0.0524636 0.05 -0.000202782
1.5 0.0472236 0.05 -0.000182528
1.7 0.0401139 0.05 -0.000210578
1.9 0.0326481 0.05 -0.000249023
2.1 0.025075 0.05 -0.000257789
2.3 0.0178938 0.05 -0.000236363
2.7 0.00628163 0.15 -0.000124954
