-2.7 0 0.3 0
-2.3 3.43097e-05 0.1 1.71549e-05
-2.1 0.000137239 0.1 3.43097e-05
-1.9 0.000626153 0.1 7.32856e-05
-1.7 0.00218725 0.1 0.000136971
-1.5 0.00608998 0.1 0.000228553
-1.3 0.012789 0.1 0.000331204
-1.1 0.021598 0.1 0.000430413
-0.9 0.0320539 0.1 0.000524347
-0.7 0.043865 0.1 0.000613391
-0.5 0.0551014 0.1 0.00068748
-0.3 0.0644937 0.1 0.000743768
-0.1 0.0714071 0.1 0.000782617
0.1 0.0784921 0.1 0.000820525
0.3 0.0825664 0.1 0.000841551
0.5 0.0850881 0.1 0.000854305
0.7 0.082309 0.1 0.000840238
0.9 0.0768195 0.1 0.000811735
1.1 0.0713728 0.1 0.000782429
1.3 0.062478 0.1 0.000732053
1.5 0.0510786 0.1 0.000661909
1.7 0.0408886 0.1 0.000592216
1.9 0.0293177 0.1 0.000501468
2.1 0.0177467 0.1 0.000390155
2.3 0.00972681 0.1 0.000288844
2.7 0.00173264 0.3 7.03837e-05
