-2.7 0 0.15 -0
-2.3 2.34348e-05 0.05 -7.43783e-08
-2.1 0 0.05 -0
-1.9 4.68695e-05 0.05 -1.26823e-07
-1.7 0.00044526 0.05 -1.10064e-06
-1.5 0.00262469 0.05 -5.87387e-06
-1.3 0.00731164 0.05 -1.46522e-05
-1.1 0.0146702 0.05 -2.59658e-05
-0.9 0.0246065 0.05 -3.77953e-05
-0.7 0.0383861 0.05 -4.99791e-05
-0.5 0.0534078 0.05 -5.70411e-05
-0.3 0.0643753 0.05 -5.36924e-05
-0.1 0.0760458 0.05 -4.56331e-05
0.1 0.0865445 0.05 -3.16835e-05
0.3 0.0927079 0.05 -1.22483e-05
0.5 0.0922626 0.05 9.39805e-06
0.7 0.0911143 0.05 3.05999e-05
0.9 0.0855369 0.05 4.87406e-05
1.1 0.075952 0.05 6.10501e-05
1.3 0.0636254 0.05 6.60292e-05
1.5 0.0516736 0.05 6.57164e-05
1.7 0.0365113 0.05 5.49762e-05
1.9 0.0233176 0.05 4.05659e-05
2.1 0.012936 0.05 2.55317e-05
2.3 0.00520252 0.05 1.14854e-05
2.7 0.000671796 0.15 1.79748e-06
