-2.7 0 0.15 -0
-2.3 0 0.05 -0
-2.1 0 0.05 -0
-1.9 0 0.05 -0
-1.7 0 0.05 -0
-1.5 0 0.05 -0
-1.3 0.000342779 0.05 -2.48274e-07
-1.1 0.00205667 0.05 -1.27946e-06
-0.9 0.00856947 0.05 -5.33108e-06
-0.7 0.0215951 0.05 -1.34343e-05
-0.5 0.0407907 0.05 -2.53759e-05
-0.3 0.0603291 0.05 -3.75308e-05
-0.1 0.0891225 0.05 -5.54432e-05
0.1 0.106261 0.05 -6.61051e-05
0.3 0.12957 0.05 8.06056e-05
0.5 0.132655 0.05 8.25248e-05
0.7 0.113803 0.05 7.0797e-05
0.9 0.100434 0.05 6.24801e-05
1.1 0.0812386 0.05 5.05386e-05
1.3 0.0531307 0.05 3.30527e-05
1.5 0.0366773 0.05 2.59112e-05
1.7 0.015425 0.05 1.24736e-05
1.9 0.0065128 0.05 5.93224e-06
2.1 0.00137112 0.05 1.38903e-06
2.3 0 0.05 0
2.7 0.00011426 0.15 1.50783e-07
