-2.7 0.000556456 0.15 -1.37099e-05
-2.3 0.00310041 0.05 -5.26078e-05
-2.1 0.00643486 0.05 -8.7359e-05
-1.9 0.0108158 0.05 -0.000113339
-1.7 0.0164591 0.05 -0.000126363
-1.5 0.0225956 0.05 -0.00011684
-1.3 0.029242 0.05 -0.000124362
-1.1 0.0356667 0.05 -0.000151685
-0.9 0.0418879 0.05 0.000178143
-0.7 0.048033 0.05 0.000204278
-0.5 0.0534294 0.05 0.000227228
-0.3 0.0582142 0.05 0.000247577
-0.1 0.0621078 0.05 0.000264136
0.1 0.0649682 0.05 0.000276301
0.3 0.0667292 0.05 0.00028379
0.5 0.0664796 0.05 0.000282728
0.7 0.0657432 0.05 0.000279597
0.9 0.0634365 0.05 0.000269787
1.1 0.0592885 0.05 0.000252146
1.3 0.0544893 0.05 -0.000231735
1.5 0.0478611 0.05 -0.000203547
1.7 0.0410819 0.05 -0.000214327
1.9 0.0328004 0.05 -0.000253523
2.1 0.0250186 0.05 -0.000263613
2.3 0.0176738 0.05 -0.000241058
2.7 0.00588661 0.15 -0.000122031
