-2.7 0 0.15 0
-2.3 3.43097e-05 0.05 3.9671e-06
-2.1 0.000137239 0.05 1.33283e-05
-1.9 0.000626153 0.05 5.01361e-05
-1.7 0.00218725 0.05 0.000141052
-1.5 0.00608998 0.05 0.000306821
-1.3 0.012789 0.05 0.000483011
-1.1 0.021598 0.05 0.000576389
-0.9 0.0320539 0.05 0.000838281
-0.7 0.043865 0.05 0.00112959
-0.5 0.0551014 0.05 0.00140289
-0.3 0.0644937 0.05 0.00162882
-0.1 0.0714071 0.05 0.0017936
0.1 0.0784921 0.05 0.00196479
0.3 0.0825664 0.05 0.0020629
0.5 0.0850881 0.05 0.00212465
0.7 0.082309 0.05 0.0020565
0.9 0.0768195 0.05 0.00192296
1.1 0.0713728 0.05 0.00179275
1.3 0.062478 0.05 0.00157785
1.5 0.0510786 0.05 0.0013003
1.7 0.0408886 0.05 0.00105652
1.9 0.0293177 0.05 0.000905502
2.1 0.0177467 0.05 0.000757944
2.3 0.00972681 0.05 0.000544897
2.7 0.00173264 0.15 0.000150817
