-2.7 0.000175165 0.15 -9.26802e-07
-2.3 0.00137734 0.05 -6.34002e-06
-2.1 0.00342577 0.05 -1.45908e-05
-1.9 0.00716282 0.05 -2.80436e-05
-1.7 0.0122404 0.05 -4.37129e-05
-1.5 0.0186551 0.05 -6.02045e-05
-1.3 0.0256774 0.05 -7.40349e-05
-1.1 0.0327983 0.05 -8.32851e-05
-0.9 0.0409937 0.05 -8.99955e-05
-0.7 0.0485465 0.05 -8.9878e-05
-0.5 0.0540257 0.05 -8.14394e-05
-0.3 0.0597894 0.05 -6.95626e-05
-0.1 0.0636353 0.05 -5.21487e-05
0.1 0.0674794 0.05 -3.20885e-05
0.3 0.0697421 0.05 -9.17576e-06
0.5 0.0699329 0.05 1.48535e-05
0.7 0.0687061 0.05 3.82253e-05
0.9 0.0665138 0.05 5.98839e-05
1.1 0.0623466 0.05 7.75773e-05
1.3 0.056198 0.05 8.92565e-05
1.5 0.0493699 0.05 9.5393e-05
1.7 0.0416665 0.05 9.48405e-05
1.9 0.0334176 0.05 8.75588e-05
2.1 0.0244624 0.05 7.2509e-05
2.3 0.0165782 0.05 5.48418e-05
2.7 0.0050837 0.15 2.03144e-05
