-2.7 0 0.15 0
-2.3 2.34348e-05 0.05 3.66234e-06
-2.1 0 0.05 0
-1.9 4.68695e-05 0.05 5.08548e-06
-1.7 0.00044526 0.05 3.8978e-05
-1.5 0.00262469 0.05 0.000179858
-1.3 0.00731164 0.05 0.000376261
-1.1 0.0146702 0.05 0.000533183
-0.9 0.0246065 0.05 0.000894313
-0.7 0.0383861 0.05 0.00139513
-0.5 0.0534078 0.05 0.00194109
-0.3 0.0643753 0.05 -0.00233969
-0.1 0.0760458 0.05 -0.00276385
0.1 0.0865445 0.05 -0.00314543
0.3 0.0927079 0.05 -0.00336943
0.5 0.0922626 0.05 -0.00335325
0.7 0.0911143 0.05 -0.00331151
0.9 0.0855369 0.05 -0.0031088
1.1 0.075952 0.05 -0.00276045
1.3 0.0636254 0.05 0.00231244
1.5 0.0516736 0.05 0.00187806
1.7 0.0365113 0.05 0.00132699
1.9 0.0233176 0.05 0.00101453
2.1 0.012936 0.05 0.000770731
2.3 0.00520252 0.05 0.000403719
2.7 0.000671796 0.15 8.02722e-05
