-4.5 -0.000379362
-3.5 -0.000294522
-2.7 -0.000226668
-2.3 -0.000192747
-2.1 -0.000175788
-1.9 -0.000158831
-1.7 -0.000141874
-1.5 -0.000124918
-1.3 -0.000107963
-1.1 -9.10096e-05
-0.9 -7.40569e-05
-0.7 -5.71052e-05
-0.5 -4.01545e-05
-0.3 -2.32049e-05
-0.1 -6.25623e-06
0.1 1.06914e-05
0.3 2.7638e-05
0.5 4.45835e-05
0.7 6.15281e-05
0.9 7.84716e-05
1.1 9.54141e-05
1.3 0.000112356
1.5 0.000129296
1.7 0.000146235
1.9 0.000163174
2.1 0.000180111
2.3 0.000197048
2.7 0.000230917
3.5 0.000298644
4.5 0.00038328
