-4.5 0 0.5 0
-3.5 0 0.5 0
-2.7 0 0.3 0
-2.3 2.02721e-05 0.1 2.02721e-05
-2.1 0 0.1 0
-1.9 4.05441e-05 0.1 2.8669e-05
-1.7 0.000324353 0.1 8.10882e-05
-1.5 0.00202721 0.1 0.000202721
-1.3 0.00610189 0.1 0.000351707
-1.1 0.0127511 0.1 0.00050842
-0.9 0.022725 0.1 0.000678735
-0.7 0.0368749 0.1 0.000864598
-0.5 0.0521194 0.1 0.00102789
-0.3 0.0644448 0.1 0.00114299
-0.1 0.0782298 0.1 0.00125932
0.1 0.0897444 0.1 0.00134882
0.3 0.0962314 0.1 0.00139671
0.5 0.0966774 0.1 0.00139995
0.7 0.0924608 0.1 0.00136908
0.9 0.0879199 0.1 0.00133503
1.1 0.0759796 0.1 0.00124107
1.3 0.0636745 0.1 0.00113614
1.5 0.0499706 0.1 0.00100648
1.7 0.0344625 0.1 0.000835838
1.9 0.021164 0.1 0.00065501
2.1 0.0111294 0.1 0.000474989
2.3 0.00439904 0.1 0.000298626
2.7 0.000527073 0.3 5.96793e-05
3.5 0 0.5 0
4.5 0 0.5 0
