-4.5 0 0.5 0
-3.5 0 0.5 0
-2.7 2.03131e-05 0.3 5.42891e-06
-2.3 9.57618e-05 0.1 2.04165e-05
-2.1 0.000522337 0.1 4.76826e-05
-1.9 0.001789 0.1 8.82451e-05
-1.7 0.00474892 0.1 0.000143775
-1.5 0.010277 0.1 0.000211504
-1.3 0.0175157 0.1 0.000276121
-1.1 0.0261256 0.1 0.000337223
-0.9 0.0355755 0.1 0.000393514
-0.7 0.0449906 0.1 0.000442533
-0.5 0.0547366 0.1 0.000488117
-0.3 0.0628763 0.1 0.000523153
-0.1 0.0690312 0.1 0.00054816
0.1 0.0751774 0.1 0.000572043
0.3 0.0779066 0.1 0.000582334
0.5 0.0780546 0.1 0.000582887
0.7 0.0769098 0.1 0.000578596
0.9 0.0739194 0.1 0.000567236
1.1 0.0682956 0.1 0.000545232
1.3 0.0598033 0.1 0.000510208
1.5 0.0506145 0.1 0.000469377
1.7 0.042083 0.1 0.000427994
1.9 0.0310007 0.1 0.000367342
2.1 0.0217118 0.1 0.000307421
2.3 0.0132369 0.1 0.000240037
2.7 0.00298167 0.3 6.5774e-05
3.5 0 0.5 0
4.5 0 0.5 0
