-4.5 0 0.5 0
-3.5 0 0.5 0
-2.7 0 0.3 0
-2.3 4.66137e-05 0.1 2.08463e-05
-2.1 0.000130518 0.1 3.48825e-05
-1.9 0.000652591 0.1 7.79996e-05
-1.7 0.00220017 0.1 0.000143219
-1.5 0.00621826 0.1 0.000240772
-1.3 0.0128374 0.1 0.000345948
-1.1 0.021666 0.1 0.000449429
-0.9 0.0321914 0.1 0.000547825
-0.7 0.0437796 0.1 0.000638862
-0.5 0.0551533 0.1 0.000717063
-0.3 0.064187 0.1 0.000773562
-0.1 0.071813 0.1 0.000818226
0.1 0.0777703 0.1 0.000851488
0.3 0.0822358 0.1 0.000875593
0.5 0.0851911 0.1 0.000891187
0.7 0.0824782 0.1 0.000876882
0.9 0.0767354 0.1 0.000845804
1.1 0.0713655 0.1 0.000815673
1.3 0.0626954 0.1 0.000764521
1.5 0.0511725 0.1 0.000690701
1.7 0.0411972 0.1 0.000619734
1.9 0.0293014 0.1 0.000522655
2.1 0.0175547 0.1 0.000404547
2.3 0.009677 0.1 0.00030036
2.7 0.00174957 0.3 7.37354e-05
3.5 0 0.5 0
4.5 0 0.5 0
