-4.5 0 0.5 0
-3.5 0 0.5 0
-2.7 0.000556456 0.3 9.96695e-06
-2.3 0.00310041 0.1 4.0749e-05
-2.1 0.00643486 0.1 5.87053e-05
-1.9 0.0108158 0.1 7.61092e-05
-1.7 0.0164591 0.1 9.38881e-05
-1.5 0.0225956 0.1 0.000110007
-1.3 0.029242 0.1 0.000125144
-1.1 0.0356667 0.1 0.00013821
-0.9 0.0418879 0.1 0.000149779
-0.7 0.048033 0.1 0.00016039
-0.5 0.0534294 0.1 0.00016916
-0.3 0.0582142 0.1 0.000176572
-0.1 0.0621078 0.1 0.000182381
0.1 0.0649682 0.1 0.000186534
0.3 0.0667292 0.1 0.000189045
0.5 0.0664796 0.1 0.000188691
0.7 0.0657432 0.1 0.000187643
0.9 0.0634365 0.1 0.000184322
1.1 0.0592885 0.1 0.000178194
1.3 0.0544893 0.1 0.00017083
1.5 0.0478611 0.1 0.000160103
1.7 0.0410819 0.1 0.000148331
1.9 0.0328004 0.1 0.00013254
2.1 0.0250186 0.1 0.000115755
2.3 0.0176738 0.1 9.72909e-05
2.7 0.00588661 0.3 3.24175e-05
3.5 0 0.5 0
4.5 0 0.5 0
