-4.5 0 0.5 0
-3.5 0 0.5 0
-2.7 0.000105964 0.3 9.59351e-06
-2.3 0.00102403 0.1 5.16553e-05
-2.1 0.00272292 0.1 8.4232e-05
-1.9 0.00618846 0.1 0.000126984
-1.7 0.0111783 0.1 0.000170666
-1.5 0.0168482 0.1 0.000209525
-1.3 0.0244594 0.1 0.000252454
-1.1 0.0326646 0.1 0.000291742
-0.9 0.0400908 0.1 0.000323208
-0.7 0.0472538 0.1 0.000350895
-0.5 0.0547998 0.1 0.000377876
-0.3 0.0602013 0.1 0.000396061
-0.1 0.0649775 0.1 0.000411473
0.1 0.0682606 0.1 0.00042174
0.3 0.0714369 0.1 0.00043144
0.5 0.0706136 0.1 0.000428947
0.7 0.069613 0.1 0.000425897
0.9 0.0675311 0.1 0.00041948
1.1 0.0631666 0.1 0.000405698
1.3 0.057012 0.1 0.000385427
1.5 0.0493018 0.1 0.000358419
1.7 0.0415109 0.1 0.000328882
1.9 0.0331806 0.1 0.000294036
2.1 0.0245506 0.1 0.000252924
2.3 0.0165382 0.1 0.000207588
2.7 0.00476924 0.3 6.43611e-05
3.5 0 0.5 0
4.5 0 0.5 0
