-4.5 0 0.5 0
-3.5 0 0.5 0
-2.7 0.00184287 0.3 3.97537e-05
-2.3 0.00673005 0.1 0.000131583
-2.1 0.0109466 0.1 0.000167815
-1.9 0.016007 0.1 0.00020293
-1.7 0.0216797 0.1 0.000236166
-1.5 0.0276225 0.1 0.000266576
-1.3 0.0333261 0.1 0.000292807
-1.1 0.0393435 0.1 0.000318146
-0.9 0.0442804 0.1 0.000337517
-0.7 0.0498142 0.1 0.000357986
-0.5 0.0536603 0.1 0.000371549
-0.3 0.057226 0.1 0.000383695
-0.1 0.0605138 0.1 0.000394564
0.1 0.061777 0.1 0.000398661
0.3 0.0631122 0.1 0.000402946
0.5 0.0628781 0.1 0.000402198
0.7 0.0613859 0.1 0.000397397
0.9 0.0585149 0.1 0.000387992
1.1 0.0552039 0.1 0.000376856
1.3 0.0501872 0.1 0.000359324
1.5 0.0455744 0.1 0.000342413
1.7 0.0386515 0.1 0.000315336
1.9 0.0319163 0.1 0.000286547
2.1 0.0244144 0.1 0.000250619
2.3 0.0171621 0.1 0.000210124
2.7 0.00622924 0.3 7.30881e-05
3.5 0 0.5 0
4.5 0 0.5 0
