-4.5 0 0.5 0
-3.5 0 0.5 0
-2.7 0.00300342 0.3 4.43602e-05
-2.3 0.00950558 0.1 0.00013669
-2.1 0.0144235 0.1 0.000168376
-1.9 0.0193257 0.1 0.000194901
-1.7 0.0256352 0.1 0.000224473
-1.5 0.0310956 0.1 0.000247227
-1.3 0.0368174 0.1 0.000269013
-1.1 0.0420479 0.1 0.000287487
-0.9 0.0465373 0.1 0.000302445
-0.7 0.0512488 0.1 0.000317386
-0.5 0.0541284 0.1 0.000326181
-0.3 0.0576821 0.1 0.000336718
-0.1 0.0602295 0.1 0.000344073
0.1 0.0609489 0.1 0.000346122
0.3 0.0608369 0.1 0.000345804
0.5 0.059972 0.1 0.000343337
0.7 0.0592035 0.1 0.00034113
0.9 0.055575 0.1 0.000330511
1.1 0.0528429 0.1 0.000322284
1.3 0.047239 0.1 0.000304717
1.5 0.0422503 0.1 0.000288178
1.7 0.0358012 0.1 0.000265274
1.9 0.0291163 0.1 0.000239229
2.1 0.0223016 0.1 0.00020937
2.3 0.0165247 0.1 0.000180224
2.7 0.00570741 0.3 6.11512e-05
3.5 0 0.5 0
4.5 0 0.5 0
