-4.5 0 0.5 0
-3.5 0 0.5 0
-2.7 0.000175165 0.3 9.88516e-06
-2.3 0.00137734 0.1 4.80109e-05
-2.1 0.00342577 0.1 7.5718e-05
-1.9 0.00716282 0.1 0.000109487
-1.7 0.0122404 0.1 0.000143126
-1.5 0.0186551 0.1 0.000176693
-1.3 0.0256774 0.1 0.000207298
-1.1 0.0327983 0.1 0.000234286
-0.9 0.0409937 0.1 0.000261926
-0.7 0.0485465 0.1 0.000285035
-0.5 0.0540257 0.1 0.000300691
-0.3 0.0597894 0.1 0.000316324
-0.1 0.0636353 0.1 0.000326339
0.1 0.0674794 0.1 0.000336051
0.3 0.0697421 0.1 0.000341639
0.5 0.0699329 0.1 0.000342106
0.7 0.0687061 0.1 0.000339092
0.9 0.0665138 0.1 0.000333638
1.1 0.0623466 0.1 0.000323018
1.3 0.056198 0.1 0.000306676
1.5 0.0493699 0.1 0.000287443
1.7 0.0416665 0.1 0.000264067
1.9 0.0334176 0.1 0.000236487
2.1 0.0244624 0.1 0.000202334
2.3 0.0165782 0.1 0.000166567
2.7 0.0050837 0.3 5.32537e-05
3.5 0 0.5 0
4.5 0 0.5 0
