-4.5 0 0.5 0
-3.5 0 0.5 0
-2.7 2.2933e-05 0.3 5.26119e-06
-2.3 0.000278817 0.1 3.17742e-05
-2.1 0.00112975 0.1 6.39596e-05
-1.9 0.00319372 0.1 0.000107538
-1.7 0.00720941 0.1 0.000161571
-1.5 0.0126844 0.1 0.000214313
-1.3 0.0203102 0.1 0.000271189
-1.1 0.0289608 0.1 0.000323832
-0.9 0.037481 0.1 0.0003684
-0.7 0.0461605 0.1 0.000408837
-0.5 0.0544418 0.1 0.000443997
-0.3 0.0623645 0.1 0.000475207
-0.1 0.0677707 0.1 0.000495376
0.1 0.0723042 0.1 0.000511677
0.3 0.0738431 0.1 0.000517094
0.5 0.075201 0.1 0.000521826
0.7 0.0740966 0.1 0.00051798
0.9 0.0702945 0.1 0.000504516
1.1 0.06621 0.1 0.000489639
1.3 0.0592468 0.1 0.000463177
1.5 0.0512517 0.1 0.000430793
1.7 0.0417972 0.1 0.000389034
1.9 0.0324623 0.1 0.00034285
2.1 0.0228377 0.1 0.000287568
2.3 0.0146578 0.1 0.000230382
2.7 0.00378877 0.3 6.76244e-05
3.5 0 0.5 0
4.5 0 0.5 0
