-4.5 0 0.5 0
-3.5 0 0.5 0
-2.7 2.62351e-05 0.3 5.86635e-06
-2.3 0.000279404 0.1 3.31592e-05
-2.1 0.00115303 0.1 6.73609e-05
-1.9 0.0031797 0.1 0.000111861
-1.7 0.00722909 0.1 0.000168667
-1.5 0.0127581 0.1 0.000224068
-1.3 0.020302 0.1 0.000282655
-1.1 0.0287471 0.1 0.000336345
-0.9 0.037448 0.1 0.000383885
-0.7 0.0461135 0.1 0.000425992
-0.5 0.0543185 0.1 0.00046234
-0.3 0.0625078 0.1 0.000495969
-0.1 0.0679227 0.1 0.000517005
0.1 0.0723538 0.1 0.000533603
0.3 0.0738532 0.1 0.000539103
0.5 0.0753407 0.1 0.000544505
0.7 0.0740775 0.1 0.000539921
0.9 0.0700438 0.1 0.000525015
1.1 0.066262 0.1 0.000510645
1.3 0.0593202 0.1 0.000483157
1.5 0.0511034 0.1 0.000448448
1.7 0.0419224 0.1 0.000406172
1.9 0.0323794 0.1 0.000356962
2.1 0.0230016 0.1 0.000300861
2.3 0.0145762 0.1 0.000239502
2.7 0.00378048 0.3 7.04206e-05
3.5 0 0.5 0
4.5 0 0.5 0
