-4.5 0 0.5 0
-3.5 0 0.5 0
-2.7 0.000233745 0.3 9.82502e-06
-2.3 0.00188317 0.1 4.83023e-05
-2.1 0.00432015 0.1 7.31598e-05
-1.9 0.0084049 0.1 0.000102044
-1.7 0.0136666 0.1 0.000130123
-1.5 0.0198749 0.1 0.000156919
-1.3 0.0265949 0.1 0.000181519
-1.1 0.0339355 0.1 0.000205046
-0.9 0.0410309 0.1 0.000225465
-0.7 0.0478635 0.1 0.000243515
-0.5 0.0537832 0.1 0.000258135
-0.3 0.059398 0.1 0.000271275
-0.1 0.0633923 0.1 0.000280247
0.1 0.0670347 0.1 0.000288186
0.3 0.0685933 0.1 0.000291517
0.5 0.0688894 0.1 0.000292146
0.7 0.0677669 0.1 0.000289756
0.9 0.0653325 0.1 0.000284504
1.1 0.0608178 0.1 0.000274498
1.3 0.05582 0.1 0.000262977
1.5 0.049271 0.1 0.000247069
1.7 0.0417717 0.1 0.000227491
1.9 0.0330645 0.1 0.000202397
2.1 0.0247191 0.1 0.000175001
2.3 0.0171009 0.1 0.000145557
2.7 0.00543642 0.3 4.73826e-05
3.5 0 0.5 0
4.5 0 0.5 0
