-4.5 0 0.5 0
-3.5 0 0.5 0
-2.7 0.000371481 0.3 1.01104e-05
-2.3 0.00235436 0.1 4.40858e-05
-2.1 0.00513139 0.1 6.50848e-05
-1.9 0.00961145 0.1 8.90751e-05
-1.7 0.0149822 0.1 0.000111212
-1.5 0.0213048 0.1 0.000132618
-1.3 0.0282292 0.1 0.000152655
-1.1 0.0349316 0.1 0.000169813
-0.9 0.0417478 0.1 0.000185643
-0.7 0.0480217 0.1 0.000199104
-0.5 0.0536187 0.1 0.000210388
-0.3 0.0590085 0.1 0.000220709
-0.1 0.0630609 0.1 0.000228161
0.1 0.065866 0.1 0.000233181
0.3 0.0675922 0.1 0.000236216
0.5 0.068388 0.1 0.000237603
0.7 0.0667675 0.1 0.000234771
0.9 0.0641391 0.1 0.000230104
1.1 0.0601989 0.1 0.000222924
1.3 0.0548578 0.1 0.000212805
1.5 0.0483668 0.1 0.000199818
1.7 0.040886 0.1 0.000183717
1.9 0.0330445 0.1 0.000165162
2.1 0.024649 0.1 0.000142647
2.3 0.0172053 0.1 0.000119177
2.7 0.00566467 0.3 3.9481e-05
3.5 0 0.5 0
4.5 0 0.5 0
