-4.5 0 0.5 0
-3.5 0 0.5 0
-2.7 0.000177592 0.3 1.0375e-05
-2.3 0.00138376 0.1 5.01612e-05
-2.1 0.00343667 0.1 7.90509e-05
-1.9 0.00716973 0.1 0.00011418
-1.7 0.0122211 0.1 0.000149071
-1.5 0.0186871 0.1 0.000184336
-1.3 0.0256477 0.1 0.000215955
-1.1 0.0327484 0.1 0.000244024
-0.9 0.0410546 0.1 0.000273224
-0.7 0.0486098 0.1 0.000297303
-0.5 0.054183 0.1 0.000313884
-0.3 0.0598199 0.1 0.000329808
-0.1 0.0634311 0.1 0.000339617
0.1 0.0675769 0.1 0.00035054
0.3 0.0697971 0.1 0.000356252
0.5 0.0698117 0.1 0.000356289
0.7 0.0688243 0.1 0.00035376
0.9 0.0664277 0.1 0.000347546
1.1 0.0624274 0.1 0.000336919
1.3 0.0560977 0.1 0.000319382
1.5 0.0494208 0.1 0.000299773
1.7 0.0416237 0.1 0.000275111
1.9 0.0333739 0.1 0.000246344
2.1 0.0244458 0.1 0.000210834
2.3 0.0164924 0.1 0.000173173
2.7 0.00511015 0.3 5.56537e-05
3.5 0 0.5 0
4.5 0 0.5 0
