-4.5 0 0.5 0
-3.5 0 0.5 0
-2.7 6.30514e-05 0.3 6.68344e-06
-2.3 0.000599343 0.1 3.56903e-05
-2.1 0.00194468 0.1 6.4289e-05
-1.9 0.00475649 0.1 0.000100544
-1.7 0.00940246 0.1 0.000141362
-1.5 0.0160016 0.1 0.000184414
-1.3 0.0228494 0.1 0.000220369
-1.1 0.0312976 0.1 0.00025791
-0.9 0.0388595 0.1 0.000287383
-0.7 0.0474352 0.1 0.000317515
-0.5 0.0538707 0.1 0.000338368
-0.3 0.0610522 0.1 0.000360217
-0.1 0.0665887 0.1 0.000376195
0.1 0.0704292 0.1 0.000386892
0.3 0.072835 0.1 0.000393444
0.5 0.0730433 0.1 0.000394006
0.7 0.0712729 0.1 0.000389202
0.9 0.0680637 0.1 0.000380339
1.1 0.0635877 0.1 0.000367621
1.3 0.0575624 0.1 0.00034977
1.5 0.0502045 0.1 0.000326651
1.7 0.041835 0.1 0.000298183
1.9 0.0328448 0.1 0.000264208
2.1 0.0237038 0.1 0.000224451
2.3 0.0154065 0.1 0.000180953
2.7 0.00449011 0.3 5.64003e-05
3.5 0 0.5 0
4.5 0 0.5 0
