-4.5 0 0.5 0
-3.5 0 0.5 0
-2.7 0.00277713 0.3 2.62239e-05
-2.3 0.00906684 0.1 8.20705e-05
-2.1 0.0134097 0.1 9.98088e-05
-1.9 0.0187859 0.1 0.000118134
-1.7 0.0246859 0.1 0.00013542
-1.5 0.0300093 0.1 0.000149309
-1.3 0.0353945 0.1 0.000162154
-1.1 0.040972 0.1 0.000174463
-0.9 0.0460511 0.1 0.00018496
-0.7 0.0504348 0.1 0.000193564
-0.5 0.0535363 0.1 0.000199427
-0.3 0.057247 0.1 0.000206222
-0.1 0.0598419 0.1 0.000210844
0.1 0.0606487 0.1 0.000212261
0.3 0.0613967 0.1 0.000213566
0.5 0.0605402 0.1 0.000212071
0.7 0.0593991 0.1 0.000210063
0.9 0.0570501 0.1 0.000205867
1.1 0.0529747 0.1 0.000198378
1.3 0.0485561 0.1 0.000189924
1.5 0.043428 0.1 0.000179616
1.7 0.0373549 0.1 0.000166584
1.9 0.0300866 0.1 0.000149502
2.1 0.0233063 0.1 0.000131582
2.3 0.0169406 0.1 0.000112182
2.7 0.00610548 0.3 3.88829e-05
3.5 0 0.5 0
4.5 0 0.5 0
