-4.5 0 0.5 0
-3.5 0 0.5 0
-2.7 0 0.3 0
-2.3 0 0.1 0
-2.1 0 0.1 0
-1.9 0 0.1 0
-1.7 0 0.1 0
-1.5 0.000762195 0.1 0.000762195
-1.3 0.00609756 0.1 0.00215581
-1.1 0.0144817 0.1 0.00332233
-0.9 0.023628 0.1 0.00424372
-0.7 0.0419207 0.1 0.00565259
-0.5 0.0571646 0.1 0.0066008
-0.3 0.0693598 0.1 0.00727088
-0.1 0.0868902 0.1 0.00813802
0.1 0.0952744 0.1 0.0085216
0.3 0.112043 0.1 0.00924112
0.5 0.0922256 0.1 0.00838415
0.7 0.0876524 0.1 0.00817363
0.9 0.0693598 0.1 0.00727088
1.1 0.0640244 0.1 0.00698563
1.3 0.0602134 0.1 0.00677454
1.5 0.0510671 0.1 0.00623884
1.7 0.0358232 0.1 0.00522535
1.9 0.0175305 0.1 0.00365536
2.1 0.00838415 0.1 0.00252792
2.3 0.00533537 0.1 0.00201658
2.7 0.000762195 0.3 0.000440054
3.5 0 0.5 0
4.5 0 0.5 0
