-4.5 0 0.5 0
-3.5 0 0.5 0
-2.7 0.00278119 0.3 2.51777e-05
-2.3 0.00905813 0.1 7.87009e-05
-2.1 0.0133838 0.1 9.56643e-05
-1.9 0.0188014 0.1 0.000113385
-1.7 0.024656 0.1 0.000129844
-1.5 0.0300661 0.1 0.000143384
-1.3 0.0354332 0.1 0.000155656
-1.1 0.0409937 0.1 0.000167425
-0.9 0.0460709 0.1 0.00017749
-0.7 0.0504471 0.1 0.000185729
-0.5 0.0535385 0.1 0.000191335
-0.3 0.0572946 0.1 0.000197933
-0.1 0.0597199 0.1 0.000202079
0.1 0.0606656 0.1 0.000203672
0.3 0.061333 0.1 0.00020479
0.5 0.0605254 0.1 0.000203437
0.7 0.0593938 0.1 0.000201526
0.9 0.0570224 0.1 0.000197462
1.1 0.0530161 0.1 0.000190399
1.3 0.0485024 0.1 0.000182114
1.5 0.0433576 0.1 0.000172184
1.7 0.0374251 0.1 0.000159971
1.9 0.0300839 0.1 0.000143426
2.1 0.0233575 0.1 0.000126379
2.3 0.0169579 0.1 0.000107683
2.7 0.00611466 0.3 3.73324e-05
3.5 0 0.5 0
4.5 0 0.5 0
