-4.5 0 0.5 0
-3.5 0 0.5 0
-2.7 0.000108672 0.3 7.68427e-05
-2.3 0 0.1 0
-2.1 0.00081504 0.1 0.000364497
-1.9 0.0021191 0.1 0.000587734
-1.7 0.00521626 0.1 0.000922113
-1.5 0.0105955 0.1 0.00131421
-1.3 0.0184199 0.1 0.0017328
-1.1 0.0239622 0.1 0.00197637
-0.9 0.039937 0.1 0.00255148
-0.7 0.0440122 0.1 0.0026785
-0.5 0.0578679 0.1 0.00307131
-0.3 0.0632471 0.1 0.00321089
-0.1 0.0681374 0.1 0.00333271
0.1 0.0798739 0.1 0.00360834
0.3 0.0756357 0.1 0.0035113
0.5 0.0788959 0.1 0.00358618
0.7 0.0766138 0.1 0.00353393
0.9 0.0702565 0.1 0.00338413
1.1 0.06015 0.1 0.00313128
1.3 0.0637361 0.1 0.00322328
1.5 0.0506955 0.1 0.00287468
1.7 0.0441752 0.1 0.00268345
1.9 0.0280374 0.1 0.00213783
2.1 0.020702 0.1 0.00183701
2.3 0.0145077 0.1 0.00153781
2.7 0.00228211 0.3 0.000352138
3.5 0 0.5 0
4.5 0 0.5 0
