-4.5 0 0.5 0
-3.5 0 0.5 0
-2.7 0.000683778 0.3 5.33941e-05
-2.3 0.00396508 0.1 0.000222701
-2.1 0.00721719 0.1 0.000300456
-1.9 0.0124831 0.1 0.000395146
-1.7 0.018412 0.1 0.000479895
-1.5 0.0233652 0.1 0.000540606
-1.3 0.0302572 0.1 0.000615192
-1.1 0.0369615 0.1 0.000679941
-0.9 0.0424151 0.1 0.000728377
-0.7 0.049157 0.1 0.000784131
-0.5 0.0539726 0.1 0.000821642
-0.3 0.0580377 0.1 0.000852023
-0.1 0.0602266 0.1 0.000867942
0.1 0.0656927 0.1 0.000906473
0.3 0.0664557 0.1 0.000911722
0.5 0.0660179 0.1 0.000908714
0.7 0.0647421 0.1 0.00089989
0.9 0.0630785 0.1 0.000888253
1.1 0.0577 0.1 0.000849541
1.3 0.0535598 0.1 0.000818494
1.5 0.0471807 0.1 0.000768207
1.7 0.03845 0.1 0.000693497
1.9 0.0325712 0.1 0.000638282
2.1 0.0244034 0.1 0.000552486
2.3 0.0172112 0.1 0.000463983
2.7 0.00578293 0.3 0.000155278
3.5 0 0.5 0
4.5 0 0.5 0
