-4.5 0 0.5 0
-3.5 0 0.5 0
-2.7 0.00232588 0.3 1.421e-05
-2.3 0.00792672 0.1 4.54367e-05
-2.1 0.0121447 0.1 5.6241e-05
-1.9 0.0173487 0.1 6.72192e-05
-1.7 0.0231712 0.1 7.76846e-05
-1.5 0.028837 0.1 8.66633e-05
-1.3 0.0342892 0.1 9.45016e-05
-1.1 0.0401097 0.1 0.000102208
-0.9 0.0452457 0.1 0.000108555
-0.7 0.0499562 0.1 0.000114066
-0.5 0.0537171 0.1 0.000118281
-0.3 0.0574409 0.1 0.000122313
-0.1 0.0601082 0.1 0.00012512
0.1 0.061642 0.1 0.000126706
0.3 0.0623053 0.1 0.000127386
0.5 0.0616558 0.1 0.000126721
0.7 0.0606236 0.1 0.000125655
0.9 0.0578795 0.1 0.000122779
1.1 0.0542416 0.1 0.000118857
1.3 0.0495582 0.1 0.00011361
1.5 0.0442224 0.1 0.00010732
1.7 0.0377399 0.1 9.91426e-05
1.9 0.0307625 0.1 8.95099e-05
2.1 0.0236236 0.1 7.84393e-05
2.3 0.0170434 0.1 6.66252e-05
2.7 0.00608093 0.3 2.29765e-05
3.5 0 0.5 0
4.5 0 0.5 0
