-4.5 0 0.5 0
-3.5 0 0.5 0
-2.7 0.000260425 0.3 9.20742e-05
-2.3 0.000488297 0.1 0.000218373
-2.1 0.00351574 0.1 0.000585957
-1.9 0.00371106 0.1 0.000602013
-1.7 0.0110355 0.1 0.00103813
-1.5 0.0147466 0.1 0.00120006
-1.3 0.0240242 0.1 0.00153173
-1.1 0.0326182 0.1 0.00178479
-0.9 0.0390638 0.1 0.00195319
-0.7 0.0476578 0.1 0.00215737
-0.5 0.0599629 0.1 0.00241991
-0.3 0.0563495 0.1 0.00234586
-0.1 0.0641622 0.1 0.00250321
0.1 0.0695335 0.1 0.00260588
0.3 0.0727563 0.1 0.00266558
0.5 0.0715844 0.1 0.00264403
0.7 0.0701195 0.1 0.00261684
0.9 0.0706078 0.1 0.00262593
1.1 0.0628927 0.1 0.00247832
1.3 0.0599629 0.1 0.00241991
1.5 0.0458999 0.1 0.00211721
1.7 0.0446304 0.1 0.00208772
1.9 0.030958 0.1 0.00173878
2.1 0.0242195 0.1 0.00153794
2.3 0.0151372 0.1 0.00121585
2.7 0.0041017 0.3 0.000365408
3.5 0 0.5 0
4.5 0 0.5 0
