-4.5 0 0.5 0
-3.5 0 0.5 0
-2.7 0.00106133 0.3 5.16648e-05
-2.3 0.00499479 0.1 0.000194128
-2.1 0.0083825 0.1 0.000251488
-1.9 0.0134905 0.1 0.000319039
-1.7 0.0188625 0.1 0.00037725
-1.5 0.0250721 0.1 0.000434935
-1.3 0.030346 0.1 0.000478499
-1.1 0.0370611 0.1 0.000528797
-0.9 0.043761 0.1 0.000574611
-0.7 0.0485823 0.1 0.000605437
-0.5 0.053977 0.1 0.000638167
-0.3 0.0579079 0.1 0.000660996
-0.1 0.0601639 0.1 0.000673748
0.1 0.065136 0.1 0.000701036
0.3 0.065136 0.1 0.000701036
0.5 0.0635063 0.1 0.000692211
0.7 0.0644117 0.1 0.000697128
0.9 0.0600281 0.1 0.000672987
1.1 0.0570931 0.1 0.000656329
1.3 0.053147 0.1 0.000633241
1.5 0.0459415 0.1 0.000588752
1.7 0.040992 0.1 0.000556134
1.9 0.0325793 0.1 0.000495794
2.1 0.0248004 0.1 0.000432573
2.3 0.0173309 0.1 0.00036161
2.7 0.00623469 0.3 0.000125221
3.5 0 0.5 0
4.5 0 0.5 0
