-4.5 0 0.5 0
-3.5 0 0.5 0
-2.7 0.0013225 0.3 4.36489e-05
-2.3 0.0057265 0.1 0.000157319
-2.1 0.00971561 0.1 0.000204914
-1.9 0.0147981 0.1 0.000252895
-1.7 0.0207667 0.1 0.000299585
-1.5 0.0270723 0.1 0.000342058
-1.3 0.03158 0.1 0.000369439
-1.1 0.0374448 0.1 0.000402284
-0.9 0.0441827 0.1 0.000436981
-0.7 0.0486774 0.1 0.00045867
-0.5 0.0535396 0.1 0.000481032
-0.3 0.0577015 0.1 0.000499379
-0.1 0.0603681 0.1 0.000510788
0.1 0.0626328 0.1 0.000520281
0.3 0.0643659 0.1 0.00052743
0.5 0.064327 0.1 0.00052727
0.7 0.0631082 0.1 0.000522252
0.9 0.0599316 0.1 0.000508938
1.1 0.0558042 0.1 0.0004911
1.3 0.051357 0.1 0.000471125
1.5 0.0462529 0.1 0.000447101
1.7 0.0386723 0.1 0.000408824
1.9 0.0321332 0.1 0.000372661
2.1 0.0244835 0.1 0.000325292
2.3 0.017737 0.1 0.000276871
2.7 0.00629843 0.3 9.5256e-05
3.5 0 0.5 0
4.5 0 0.5 0
