-4.5 0 0.5 0
-3.5 0 0.5 0
-2.7 5.04363e-05 0.3 5.04363e-05
-2.3 0.000151309 0.1 0.000151309
-2.1 0.00151309 0.1 0.000478481
-1.9 0.00378272 0.1 0.000756544
-1.7 0.00665759 0.1 0.00100367
-1.5 0.0149796 0.1 0.0015055
-1.3 0.0195188 0.1 0.00171854
-1.1 0.0278408 0.1 0.00205245
-0.9 0.032834 0.1 0.00222892
-0.7 0.045544 0.1 0.00262511
-0.5 0.0493267 0.1 0.00273195
-0.3 0.0646089 0.1 0.00312664
-0.1 0.0655167 0.1 0.00314853
0.1 0.0750492 0.1 0.00336981
0.3 0.0744439 0.1 0.00335619
0.5 0.0777727 0.1 0.00343041
0.7 0.0747466 0.1 0.00336301
0.9 0.0667272 0.1 0.00317749
1.1 0.0715691 0.1 0.00329075
1.3 0.0585565 0.1 0.00297659
1.5 0.0466031 0.1 0.00265546
1.7 0.0397942 0.1 0.00245382
1.9 0.0364654 0.1 0.00234894
2.1 0.0266304 0.1 0.00200734
2.3 0.0154335 0.1 0.00152814
2.7 0.00388359 0.3 0.000442577
3.5 0 0.5 0
4.5 0 0.5 0
