-4.5 0 0.5 0
-3.5 0 0.5 0
-2.7 0.00301763 0.3 4.26331e-05
-2.3 0.00954257 0.1 0.000131313
-2.1 0.0144358 0.1 0.000161508
-1.9 0.0193797 0.1 0.000187132
-1.7 0.025742 0.1 0.000215673
-1.5 0.0310581 0.1 0.000236898
-1.3 0.0367319 0.1 0.00025763
-1.1 0.0419667 0.1 0.000275377
-0.9 0.0465166 0.1 0.00028992
-0.7 0.051296 0.1 0.00030445
-0.5 0.0542143 0.1 0.000312991
-0.3 0.0578174 0.1 0.000323224
-0.1 0.0602658 0.1 0.000329997
0.1 0.0609091 0.1 0.000331754
0.3 0.0608856 0.1 0.00033169
0.5 0.0598339 0.1 0.000328813
0.7 0.0591852 0.1 0.000327025
0.9 0.0554737 0.1 0.000316605
1.1 0.0527597 0.1 0.000308763
1.3 0.0473207 0.1 0.000292415
1.5 0.0422106 0.1 0.000276176
1.7 0.035758 0.1 0.000254191
1.9 0.0291861 0.1 0.000229648
2.1 0.0222853 0.1 0.00020067
2.3 0.0164668 0.1 0.000172496
2.7 0.00574072 0.3 5.88027e-05
3.5 0 0.5 0
4.5 0 0.5 0
