-4.5 0 0.5 0
-3.5 0 0.5 0
-2.7 0.00233584 0.3 3.12e-05
-2.3 0.00804895 0.1 0.000100315
-2.1 0.0122172 0.1 0.000123589
-1.9 0.0176869 0.1 0.000148703
-1.7 0.0232204 0.1 0.000170384
-1.5 0.0292115 0.1 0.000191105
-1.3 0.0343237 0.1 0.000207153
-1.1 0.0404723 0.1 0.000224943
-0.9 0.0450781 0.1 0.000237398
-0.7 0.0495239 0.1 0.000248829
-0.5 0.0536559 0.1 0.000259002
-0.3 0.0569565 0.1 0.000266849
-0.1 0.0597533 0.1 0.000273322
0.1 0.0612673 0.1 0.000276763
0.3 0.0616986 0.1 0.000277736
0.5 0.0612923 0.1 0.00027682
0.7 0.0600671 0.1 0.000274039
0.9 0.0574816 0.1 0.000268076
1.1 0.0545923 0.1 0.000261252
1.3 0.0498427 0.1 0.000249629
1.5 0.0444693 0.1 0.000235789
1.7 0.0377193 0.1 0.000217158
1.9 0.0312719 0.1 0.000197729
2.1 0.0239406 0.1 0.000173006
2.3 0.0175207 0.1 0.000148003
2.7 0.00635156 0.3 5.14486e-05
3.5 0 0.5 0
4.5 0 0.5 0
