-4.5 0 0.5 0
-3.5 0 0.5 0
-2.7 0 0.3 0
-2.3 0 0.1 0
-2.1 0.000357441 0.1 0.000357441
-1.9 0.000357441 0.1 0.000357441
-1.7 0.00142976 0.1 0.000714881
-1.5 0.00607649 0.1 0.00147377
-1.3 0.0117955 0.1 0.00205334
-1.1 0.0207316 0.1 0.00272219
-0.9 0.0339569 0.1 0.0034839
-0.7 0.0382462 0.1 0.0036974
-0.5 0.054331 0.1 0.00440683
-0.3 0.0700584 0.1 0.00500417
-0.1 0.0732753 0.1 0.00511777
0.1 0.0718456 0.1 0.0050676
0.3 0.0829262 0.1 0.00544437
0.5 0.0750626 0.1 0.00517981
0.7 0.0814965 0.1 0.00539724
0.9 0.0857858 0.1 0.00553745
1.1 0.0729179 0.1 0.00510527
1.3 0.0686286 0.1 0.00495284
1.5 0.0518289 0.1 0.00430416
1.7 0.0414631 0.1 0.00384975
1.9 0.0289527 0.1 0.00321697
2.1 0.0175146 0.1 0.00250209
2.3 0.0096509 0.1 0.00185732
2.7 0.00131062 0.3 0.000395166
3.5 0 0.5 0
4.5 0 0.5 0
