-4.5 0 0.5 0
-3.5 0 0.5 0
-2.7 5.25155e-05 0.3 3.71341e-05
-2.3 0.000315093 0.1 0.000157546
-2.1 0.0023632 0.1 0.000431459
-1.9 0.00496271 0.1 0.000625243
-1.7 0.00953156 0.1 0.000866506
-1.5 0.0162273 0.1 0.00113061
-1.3 0.0238683 0.1 0.0013712
-1.1 0.0315093 0.1 0.00157546
-0.9 0.0367083 0.1 0.00170048
-0.7 0.0445857 0.1 0.00187407
-0.5 0.0545111 0.1 0.0020722
-0.3 0.0608129 0.1 0.00218871
-0.1 0.0639639 0.1 0.00224469
0.1 0.0752284 0.1 0.00243434
0.3 0.0730228 0.1 0.00239838
0.5 0.0760949 0.1 0.00244831
0.7 0.0702657 0.1 0.00235267
0.9 0.069478 0.1 0.00233945
1.1 0.0642002 0.1 0.00224883
1.3 0.0590012 0.1 0.00215586
1.5 0.0515177 0.1 0.0020145
1.7 0.0375748 0.1 0.00172043
1.9 0.0321395 0.1 0.00159114
2.1 0.0222928 0.1 0.00132517
2.3 0.015991 0.1 0.00112235
2.7 0.00378112 0.3 0.000315093
3.5 0 0.5 0
4.5 0 0.5 0
