-4.5 0 0.5 0
-3.5 0 0.5 0
-2.7 0.00184589 0.3 3.81837e-05
-2.3 0.00681962 0.1 0.00012712
-2.1 0.0110209 0.1 0.0001616
-1.9 0.0160444 0.1 0.000194983
-1.7 0.0216816 0.1 0.000226663
-1.5 0.0277192 0.1 0.000256286
-1.3 0.0335365 0.1 0.000281899
-1.1 0.039342 0.1 0.000305325
-0.9 0.044382 0.1 0.000324294
-0.7 0.0496685 0.1 0.000343064
-0.5 0.0535049 0.1 0.000356067
-0.3 0.0570474 0.1 0.000367665
-0.1 0.0602818 0.1 0.000377944
0.1 0.0615519 0.1 0.000381905
0.3 0.0630708 0.1 0.000386588
0.5 0.0629831 0.1 0.00038632
0.7 0.0613837 0.1 0.000381383
0.9 0.0585639 0.1 0.00037252
1.1 0.0551588 0.1 0.000361528
1.3 0.050332 0.1 0.000345348
1.5 0.0456592 0.1 0.000328927
1.7 0.038624 0.1 0.000302526
1.9 0.0318873 0.1 0.00027488
2.1 0.0244919 0.1 0.000240905
2.3 0.017177 0.1 0.000201748
2.7 0.0062217 0.3 7.01017e-05
3.5 0 0.5 0
4.5 0 0.5 0
