-4.5 0 0.5 0
-3.5 0 0.5 0
-2.7 0.000497235 0.3 5.78024e-05
-2.3 0.00324547 0.1 0.000255779
-2.1 0.00626919 0.1 0.000355493
-1.9 0.0109056 0.1 0.000468867
-1.7 0.0166305 0.1 0.000578999
-1.5 0.0217507 0.1 0.000662158
-1.3 0.0302373 0.1 0.000780723
-1.1 0.0350551 0.1 0.000840622
-0.9 0.0413646 0.1 0.000913145
-0.7 0.047029 0.1 0.000973663
-0.5 0.0540844 0.1 0.00104415
-0.3 0.0576121 0.1 0.00107766
-0.1 0.0647279 0.1 0.00114228
0.1 0.0668445 0.1 0.0011608
0.3 0.0672074 0.1 0.00116395
0.5 0.066401 0.1 0.00115695
0.7 0.0671267 0.1 0.00116325
0.9 0.0646069 0.1 0.00114121
1.1 0.0563421 0.1 0.00106572
1.3 0.0543464 0.1 0.00104667
1.5 0.046001 0.1 0.000962962
1.7 0.0414654 0.1 0.000914257
1.9 0.0329788 0.1 0.000815348
2.1 0.0250768 0.1 0.000710987
2.3 0.0164692 0.1 0.000576185
2.7 0.00572492 0.3 0.000196133
3.5 0 0.5 0
4.5 0 0.5 0
