-4.5 0 0.5 0
-3.5 0 0.5 0
-2.7 6.87332e-05 0.3 3.96832e-05
-2.3 0.000824799 0.1 0.000238099
-2.1 0.00336793 0.1 0.000481133
-1.9 0.00817926 0.1 0.000749791
-1.7 0.0138154 0.1 0.000974462
-1.5 0.0186267 0.1 0.00113149
-1.3 0.0233006 0.1 0.00126551
-1.1 0.0336106 0.1 0.00151992
-0.9 0.038903 0.1 0.00163522
-0.7 0.0483882 0.1 0.0018237
-0.5 0.0551928 0.1 0.00194771
-0.3 0.0615163 0.1 0.00205626
-0.1 0.0628222 0.1 0.00207797
0.1 0.0679772 0.1 0.00216155
0.3 0.0712764 0.1 0.00221338
0.5 0.0692831 0.1 0.00218221
0.7 0.0690769 0.1 0.00217896
0.9 0.0675648 0.1 0.00215498
1.1 0.0606915 0.1 0.00204243
1.3 0.0557427 0.1 0.00195739
1.5 0.0466011 0.1 0.00178971
1.7 0.0417898 0.1 0.0016948
1.9 0.0338168 0.1 0.00152458
2.1 0.0260499 0.1 0.00133809
2.3 0.0167022 0.1 0.00107145
2.7 0.00481133 0.3 0.000332013
3.5 0 0.5 0
4.5 0 0.5 0
