-4.5 0 0.5 0
-3.5 0 0.5 0
-2.7 0.000349665 0.3 5.9967e-05
-2.3 0.00203628 0.1 0.000250649
-2.1 0.00543009 0.1 0.000409308
-1.9 0.00900901 0.1 0.000527212
-1.7 0.0157349 0.1 0.000696754
-1.5 0.0219672 0.1 0.000823255
-1.3 0.0271504 0.1 0.000915241
-1.1 0.0361286 0.1 0.00105578
-0.9 0.0430088 0.1 0.00115193
-0.7 0.0485931 0.1 0.00122443
-0.5 0.0538689 0.1 0.00128919
-0.3 0.0600703 0.1 0.00136137
-0.1 0.0638035 0.1 0.00140304
0.1 0.0667037 0.1 0.00143457
0.3 0.0657781 0.1 0.00142458
0.5 0.0652536 0.1 0.00141889
0.7 0.0671356 0.1 0.00143921
0.9 0.0657473 0.1 0.00142425
1.1 0.0601938 0.1 0.00136277
1.3 0.0534679 0.1 0.00128438
1.5 0.05029 0.1 0.00124563
1.7 0.0404171 0.1 0.00111668
1.9 0.032056 0.1 0.000994493
2.1 0.0245588 0.1 0.000870464
2.3 0.0157041 0.1 0.00069607
2.7 0.00554321 0.3 0.000238763
3.5 0 0.5 0
4.5 0 0.5 0
