-4.5 0 0.5 0
-3.5 0 0.5 0
-2.7 0.000138949 0.3 4.63163e-05
-2.3 0.00176002 0.1 0.000285513
-2.1 0.00421478 0.1 0.000441829
-1.9 0.00787377 0.1 0.000603891
-1.7 0.014497 0.1 0.000819419
-1.5 0.0205644 0.1 0.000975945
-1.3 0.0278824 0.1 0.0011364
-1.1 0.0361267 0.1 0.00129354
-0.9 0.0434447 0.1 0.00141852
-0.7 0.0482153 0.1 0.00149437
-0.5 0.0532174 0.1 0.00156998
-0.3 0.0607207 0.1 0.00167701
-0.1 0.0590996 0.1 0.00165447
0.1 0.0669271 0.1 0.00176063
0.3 0.0702618 0.1 0.00180396
0.5 0.0682239 0.1 0.00177761
0.7 0.0676218 0.1 0.00176974
0.9 0.0673439 0.1 0.0017661
1.1 0.0591922 0.1 0.00165577
1.3 0.055209 0.1 0.00159909
1.5 0.0500216 0.1 0.00152211
1.7 0.0394615 0.1 0.00135193
1.9 0.0338109 0.1 0.0012514
2.1 0.0236676 0.1 0.00104699
2.3 0.0154696 0.1 0.000846461
2.7 0.00503304 0.3 0.000278754
3.5 0 0.5 0
4.5 0 0.5 0
